0.00 500.000000 288.386315
0.17 95.330960 88.159065
0.28 52.410184 48.345118
0.14 115.585467 97.786353
0.24 60.654250 51.880903
0.19 78.175806 67.725458
0.21 67.178267 59.140398
0.23 69.834606 61.052913
0.25 63.150745 60.452691
0.33 50.484875 57.977253
0.09 180.401301 154.462328
0.06 220.823439 173.862819
0.03 351.737127 264.899419
0.30 56.541290 48.010757
0.32 27.114604 21.180094
0.26 47.208333 43.358549
0.16 92.002260 89.854547
0.31 38.168022 33.688471
0.05 335.412115 267.742410
0.08 176.651551 143.505406
0.18 101.386258 89.105390
0.34 30.310313 23.810842
0.27 54.329144 46.133772
0.13 126.136972 112.700452
0.04 313.396705 251.976477
0.20 111.545455 121.314849
0.01 405.148067 275.366864
0.10 86.657333 77.005376
0.11 125.002497 121.371889
0.12 126.900101 113.846860
0.07 184.366269 199.495157
0.02 345.860716 244.451496
0.15 131.471281 106.518039
0.22 38.717115 29.324754
0.29 87.277744 91.175811
