0.03 367.504160 255.053889
0.28 64.339330 51.015890
0.16 123.056053 126.434948
0.23 71.356703 58.233479
0.31 61.234922 54.626164
0.07 254.231572 232.919282
0.09 233.182398 223.095145
0.06 232.862121 181.593285
0.32 60.514934 64.394163
0.21 100.603098 81.827788
0.19 89.500668 94.580247
0.15 86.651704 66.283452
0.20 89.066122 73.970430
0.12 84.890095 71.149021
0.14 96.714847 88.077899
0.26 56.078487 43.545702
0.13 125.051452 99.713316
0.27 52.679539 53.090654
0.22 75.334563 73.052338
0.18 70.700344 52.044971
0.25 64.380176 61.268910
0.30 37.622671 32.028430
0.33 37.859034 32.041779
0.00 500.000000 288.386315
0.05 339.445752 277.851985
0.02 408.263268 277.097409
0.01 420.549334 283.149981
0.11 145.632434 117.266273
0.24 44.813370 36.883899
0.10 129.099048 118.368912
0.04 311.239635 257.206471
0.29 77.578231 72.952765
0.34 37.967934 30.110976
0.08 257.830250 230.097058
0.17 138.434956 137.744933
