0.26 55.635873 47.301012
0.06 198.634341 205.778664
0.24 55.411467 49.504361
0.34 24.581761 17.848304
0.09 145.441432 119.931833
0.23 63.816316 53.851183
0.12 123.050789 107.744717
0.18 130.546067 146.847347
0.15 59.644989 45.799551
0.08 200.292816 189.734411
0.11 116.661634 101.951928
0.20 70.683970 54.833599
0.16 97.379588 94.396097
0.30 35.447154 29.798075
0.10 112.277466 99.628277
0.13 145.644838 136.471535
0.33 33.696891 28.117822
0.22 40.866343 29.979221
0.05 197.739984 162.968875
0.25 38.172667 29.664576
0.27 47.716216 39.594727
0.00 500.000000 288.386315
0.14 113.486034 115.159364
0.03 311.554308 270.287406
0.21 56.397337 43.611759
0.17 82.456683 77.378808
0.02 445.419339 284.730885
0.19 134.430326 132.846794
0.07 176.738672 152.322625
0.01 422.705157 285.617837
0.31 38.522018 32.604303
0.04 351.875771 266.665418
0.29 48.495697 39.459470
0.32 48.222573 50.183823
0.28 38.156879 32.391516
