0.21 60.956024 47.215676
0.18 97.864392 94.502274
0.30 31.995812 24.293656
0.29 27.543269 21.841916
0.32 64.094274 65.843306
0.33 30.321552 22.276226
0.17 82.134758 69.751719
0.16 85.528900 79.679579
0.19 66.406651 66.221454
0.31 33.232112 27.664536
0.13 129.530584 100.941757
0.04 322.407427 240.832443
0.03 324.360119 274.121266
0.11 169.852696 145.424085
0.24 70.649920 68.754032
0.15 79.416970 70.610852
0.28 82.580677 77.532929
0.22 78.209551 63.238530
0.00 500.000000 288.386315
0.09 253.709863 235.410591
0.01 432.178797 288.476224
0.02 394.135644 276.764556
0.25 37.741463 28.809951
0.20 97.301120 99.282700
0.12 110.956420 82.365598
0.14 107.156524 85.379686
0.27 60.236870 52.518855
0.06 249.269702 231.486420
0.08 259.148628 238.265546
0.05 250.755291 191.009895
0.07 157.498293 144.217080
0.10 148.492739 132.513219
0.26 75.097431 78.957033
0.34 46.606838 40.325289
0.23 47.475126 36.502763
