0.21 77.607714 61.269021
0.25 96.347063 78.588302
0.06 326.295426 262.477351
0.22 88.584610 68.748706
0.03 419.596862 284.529157
0.32 83.570040 77.096512
0.29 83.803586 75.489194
0.02 417.374514 276.662496
0.05 343.866704 266.187548
0.09 336.642214 253.666938
0.19 157.738534 145.986669
0.24 104.481971 100.862821
0.17 152.920063 136.422169
0.27 90.290712 95.308693
0.23 124.389961 142.690937
0.15 173.268523 157.557490
0.07 325.184602 251.496930
0.20 190.258801 179.796407
0.30 103.487848 87.913242
0.34 66.809524 57.055922
0.08 316.755426 259.424457
0.11 221.565132 181.782810
0.13 206.913657 205.166262
0.00 500.000000 288.386315
0.33 82.157468 64.407707
0.10 185.799614 167.828695
0.01 450.840848 283.774526
0.26 105.684699 93.323825
0.31 118.238625 103.943997
0.28 74.032123 61.097276
0.16 219.138588 217.413506
0.18 118.926198 96.092123
0.14 172.148847 127.504652
0.04 350.790127 263.082420
0.12 173.120538 150.717429
