1235.000000 1.203172
1235.009610 1.203678
1235.019219 1.204187
1235.028829 1.204699
1235.038438 1.205215
1235.048048 1.205734
1235.057658 1.206256
1235.067267 1.206782
1235.076877 1.207311
1235.086486 1.207844
1235.096096 1.208380
1235.105706 1.208920
1235.115315 1.209463
1235.124925 1.210010
1235.134535 1.210561
1235.144144 1.211115
1235.153754 1.211673
1235.163363 1.212235
1235.172973 1.212800
1235.182583 1.213369
1235.192192 1.213942
1235.201802 1.214519
1235.211411 1.215100
1235.221021 1.215685
1235.230631 1.216274
1235.240240 1.216866
1235.249850 1.217463
1235.259459 1.218064
1235.269069 1.218669
1235.278679 1.219278
1235.288288 1.219891
1235.297898 1.220509
1235.307508 1.221131
1235.317117 1.221757
1235.326727 1.222387
1235.336336 1.223022
1235.345946 1.223662
1235.355556 1.224305
1235.365165 1.224954
1235.374775 1.225606
1235.384384 1.226264
1235.393994 1.226926
1235.403604 1.227593
1235.413213 1.228264
1235.422823 1.228940
1235.432432 1.229621
1235.442042 1.230307
1235.451652 1.230998
1235.461261 1.231694
1235.470871 1.232395
1235.480480 1.233100
1235.490090 1.233811
1235.499700 1.234527
1235.509309 1.235249
1235.518919 1.235975
1235.528529 1.236707
1235.538138 1.237444
1235.547748 1.238187
1235.557357 1.238935
1235.566967 1.239688
1235.576577 1.240447
1235.586186 1.241212
1235.595796 1.241982
1235.605405 1.242758
1235.615015 1.243540
1235.624625 1.244328
1235.634234 1.245121
1235.643844 1.245921
1235.653453 1.246726
1235.663063 1.247538
1235.672673 1.248355
1235.682282 1.249179
1235.691892 1.250009
1235.701502 1.250846
1235.711111 1.251689
1235.720721 1.252538
1235.730330 1.253394
1235.739940 1.254256
1235.749550 1.255125
1235.759159 1.256001
1235.768769 1.256883
1235.778378 1.257773
1235.787988 1.258669
1235.797598 1.259572
1235.807207 1.260483
1235.816817 1.261400
1235.826426 1.262325
1235.836036 1.263257
1235.845646 1.264196
1235.855255 1.265143
1235.864865 1.266097
1235.874474 1.267059
1235.884084 1.268029
1235.893694 1.269006
1235.903303 1.269991
1235.912913 1.270984
1235.922523 1.271985
1235.932132 1.272994
1235.941742 1.274012
1235.951351 1.275037
1235.960961 1.276071
1235.970571 1.277114
1235.980180 1.278165
1235.989790 1.279224
1235.999399 1.280293
1236.009009 1.281370
1236.018619 1.282456
1236.028228 1.283551
1236.037838 1.284655
1236.047447 1.285769
1236.057057 1.286891
1236.066667 1.288023
1236.076276 1.289165
1236.085886 1.290316
1236.095495 1.291477
1236.105105 1.292648
1236.114715 1.293829
1236.124324 1.295020
1236.133934 1.296221
1236.143544 1.297432
1236.153153 1.298654
1236.162763 1.299886
1236.172372 1.301129
1236.181982 1.302383
1236.191592 1.303647
1236.201201 1.304923
1236.210811 1.306210
1236.220420 1.307508
1236.230030 1.308817
1236.239640 1.310138
1236.249249 1.311471
1236.258859 1.312815
1236.268468 1.314172
1236.278078 1.315540
1236.287688 1.316921
1236.297297 1.318314
1236.306907 1.319720
1236.316517 1.321138
1236.326126 1.322569
1236.335736 1.324013
1236.345345 1.325470
1236.354955 1.326941
1236.364565 1.328425
1236.374174 1.329922
1236.383784 1.331434
1236.393393 1.332959
1236.403003 1.334498
1236.412613 1.336052
1236.422222 1.337620
1236.431832 1.339203
1236.441441 1.340801
1236.451051 1.342413
1236.460661 1.344041
1236.470270 1.345684
1236.479880 1.347343
1236.489489 1.349017
1236.499099 1.350708
1236.508709 1.352414
1236.518318 1.354137
1236.527928 1.355876
1236.537538 1.357633
1236.547147 1.359406
1236.556757 1.361196
1236.566366 1.363004
1236.575976 1.364830
1236.585586 1.366673
1236.595195 1.368535
1236.604805 1.370415
1236.614414 1.372313
1236.624024 1.374230
1236.633634 1.376167
1236.643243 1.378122
1236.652853 1.380098
1236.662462 1.382093
1236.672072 1.384108
1236.681682 1.386143
1236.691291 1.388199
1236.700901 1.390276
1236.710511 1.392375
1236.720120 1.394494
1236.729730 1.396636
1236.739339 1.398799
1236.748949 1.400985
1236.758559 1.403193
1236.768168 1.405425
1236.777778 1.407680
1236.787387 1.409958
1236.796997 1.412260
1236.806607 1.414587
1236.816216 1.416938
1236.825826 1.419314
1236.835435 1.421715
1236.845045 1.424142
1236.854655 1.426595
1236.864264 1.429074
1236.873874 1.431580
1236.883483 1.434113
1236.893093 1.436673
1236.902703 1.439262
1236.912312 1.441879
1236.921922 1.444524
1236.931532 1.447198
1236.941141 1.449902
1236.950751 1.452636
1236.960360 1.455400
1236.969970 1.458196
1236.979580 1.461022
1236.989189 1.463880
1236.998799 1.466770
1237.008408 1.469693
1237.018018 1.472649
1237.027628 1.475639
1237.037237 1.478663
1237.046847 1.481721
1237.056456 1.484815
1237.066066 1.487944
1237.075676 1.491110
1237.085285 1.494313
1237.094895 1.497552
1237.104505 1.500830
1237.114114 1.504146
1237.123724 1.507502
1237.133333 1.510896
1237.142943 1.514332
1237.152553 1.517808
1237.162162 1.521326
1237.171772 1.524886
1237.181381 1.528489
1237.190991 1.532135
1237.200601 1.535826
1237.210210 1.539561
1237.219820 1.543343
1237.229429 1.547170
1237.239039 1.551045
1237.248649 1.554968
1237.258258 1.558939
1237.267868 1.562960
1237.277477 1.567031
1237.287087 1.571153
1237.296697 1.575327
1237.306306 1.579554
1237.315916 1.583834
1237.325526 1.588169
1237.335135 1.592559
1237.344745 1.597005
1237.354354 1.601509
1237.363964 1.606071
1237.373574 1.610692
1237.383183 1.615373
1237.392793 1.620116
1237.402402 1.624921
1237.412012 1.629789
1237.421622 1.634721
1237.431231 1.639719
1237.440841 1.644784
1237.450450 1.649916
1237.460060 1.655117
1237.469670 1.660388
1237.479279 1.665731
1237.488889 1.671146
1237.498498 1.676635
1237.508108 1.682200
1237.517718 1.687841
1237.527327 1.693559
1237.536937 1.699357
1237.546547 1.705236
1237.556156 1.711197
1237.565766 1.717241
1237.575375 1.723371
1237.584985 1.729587
1237.594595 1.735891
1237.604204 1.742285
1237.613814 1.748771
1237.623423 1.755350
1237.633033 1.762024
1237.642643 1.768794
1237.652252 1.775663
1237.661862 1.782632
1237.671471 1.789704
1237.681081 1.796879
1237.690691 1.804161
1237.700300 1.811550
1237.709910 1.819050
1237.719520 1.826662
1237.729129 1.834388
1237.738739 1.842230
1237.748348 1.850192
1237.757958 1.858274
1237.767568 1.866480
1237.777177 1.874812
1237.786787 1.883272
1237.796396 1.891863
1237.806006 1.900587
1237.815616 1.909448
1237.825225 1.918446
1237.834835 1.927587
1237.844444 1.936871
1237.854054 1.946303
1237.863664 1.955885
1237.873273 1.965620
1237.882883 1.975511
1237.892492 1.985561
1237.902102 1.995774
1237.911712 2.006153
1237.921321 2.016701
1237.930931 2.027422
1237.940541 2.038319
1237.950150 2.049396
1237.959760 2.060657
1237.969369 2.072105
1237.978979 2.083745
1237.988589 2.095580
1237.998198 2.107614
1238.007808 2.119853
1238.017417 2.132299
1238.027027 2.144957
1238.036637 2.157832
1238.046246 2.170929
1238.055856 2.184252
1238.065465 2.197805
1238.075075 2.211595
1238.084685 2.225626
1238.094294 2.239902
1238.103904 2.254431
1238.113514 2.269216
1238.123123 2.284263
1238.132733 2.299579
1238.142342 2.315168
1238.151952 2.331038
1238.161562 2.347193
1238.171171 2.363641
1238.180781 2.380387
1238.190390 2.397439
1238.200000 2.414802
1238.209610 2.432484
1238.219219 2.450492
1238.228829 2.468833
1238.238438 2.487514
1238.248048 2.506543
1238.257658 2.525928
1238.267267 2.545676
1238.276877 2.565795
1238.286486 2.586294
1238.296096 2.607180
1238.305706 2.628464
1238.315315 2.650152
1238.324925 2.672255
1238.334535 2.694781
1238.344144 2.717741
1238.353754 2.741142
1238.363363 2.764995
1238.372973 2.789310
1238.382583 2.814098
1238.392192 2.839367
1238.401802 2.865130
1238.411411 2.891396
1238.421021 2.918176
1238.430631 2.945482
1238.440240 2.973325
1238.449850 3.001717
1238.459459 3.030668
1238.469069 3.060191
1238.478679 3.090298
1238.488288 3.121001
1238.497898 3.152312
1238.507508 3.184244
1238.517117 3.216810
1238.526727 3.250021
1238.536336 3.283892
1238.545946 3.318436
1238.555556 3.353664
1238.565165 3.389591
1238.574775 3.426229
1238.584384 3.463592
1238.593994 3.501694
1238.603604 3.540547
1238.613213 3.580164
1238.622823 3.620559
1238.632432 3.661745
1238.642042 3.703735
1238.651652 3.746540
1238.661261 3.790175
1238.670871 3.834651
1238.680480 3.879979
1238.690090 3.926172
1238.699700 3.973241
1238.709309 4.021195
1238.718919 4.070045
1238.728529 4.119801
1238.738138 4.170471
1238.747748 4.222062
1238.757357 4.274582
1238.766967 4.328036
1238.776577 4.382430
1238.786186 4.437766
1238.795796 4.494048
1238.805405 4.551276
1238.815015 4.609449
1238.824625 4.668565
1238.834234 4.728620
1238.843844 4.789607
1238.853453 4.851517
1238.863063 4.914342
1238.872673 4.978066
1238.882282 5.042674
1238.891892 5.108148
1238.901502 5.174466
1238.911111 5.241603
1238.920721 5.309532
1238.930330 5.378219
1238.939940 5.447630
1238.949550 5.517726
1238.959159 5.588463
1238.968769 5.659794
1238.978378 5.731665
1238.987988 5.804021
1238.997598 5.876799
1239.007207 5.949934
1239.016817 6.023353
1239.026426 6.096980
1239.036036 6.170733
1239.045646 6.244525
1239.055255 6.318264
1239.064865 6.391851
1239.074474 6.465184
1239.084084 6.538155
1239.093694 6.610649
1239.103303 6.682549
1239.112913 6.753732
1239.122523 6.824071
1239.132132 6.893434
1239.141742 6.961685
1239.151351 7.028687
1239.160961 7.094298
1239.170571 7.158374
1239.180180 7.220769
1239.189790 7.281337
1239.199399 7.339931
1239.209009 7.396404
1239.218619 7.450611
1239.228228 7.502407
1239.237838 7.551652
1239.247447 7.598208
1239.257057 7.641943
1239.266667 7.682728
1239.276276 7.720443
1239.285886 7.754972
1239.295495 7.786211
1239.305105 7.814060
1239.314715 7.838432
1239.324324 7.859249
1239.333934 7.876442
1239.343544 7.889956
1239.353153 7.899747
1239.362763 7.905782
1239.372372 7.908040
1239.381982 7.906515
1239.391592 7.901212
1239.401201 7.892147
1239.410811 7.879352
1239.420420 7.862868
1239.430030 7.842749
1239.439640 7.819060
1239.449249 7.791879
1239.458859 7.761290
1239.468468 7.727390
1239.478078 7.690284
1239.487688 7.650085
1239.497297 7.606913
1239.506907 7.560893
1239.516517 7.512159
1239.526126 7.460847
1239.535736 7.407096
1239.545345 7.351051
1239.554955 7.292857
1239.564565 7.232660
1239.574174 7.170608
1239.583784 7.106847
1239.593393 7.041522
1239.603003 6.974779
1239.612613 6.906759
1239.622222 6.837601
1239.631832 6.767441
1239.641441 6.696411
1239.651051 6.624640
1239.660661 6.552252
1239.670270 6.479365
1239.679880 6.406094
1239.689489 6.332548
1239.699099 6.258830
1239.708709 6.185041
1239.718318 6.111273
1239.727928 6.037615
1239.737538 5.964149
1239.747147 5.890954
1239.756757 5.818101
1239.766366 5.745659
1239.775976 5.673689
1239.785586 5.602249
1239.795195 5.531393
1239.804805 5.461170
1239.814414 5.391622
1239.824024 5.322792
1239.833634 5.254714
1239.843243 5.187421
1239.852853 5.120942
1239.862462 5.055302
1239.872072 4.990525
1239.881682 4.926628
1239.891291 4.863628
1239.900901 4.801539
1239.910511 4.740372
1239.920120 4.680136
1239.929730 4.620838
1239.939339 4.562482
1239.948949 4.505070
1239.958559 4.448605
1239.968168 4.393086
1239.977778 4.338509
1239.987387 4.284873
1239.996997 4.232173
1240.006607 4.180402
1240.016216 4.129554
1240.025826 4.079622
1240.035435 4.030597
1240.045045 3.982469
1240.054655 3.935230
1240.064264 3.888868
1240.073874 3.843373
1240.083483 3.798733
1240.093093 3.754936
1240.102703 3.711970
1240.112312 3.669823
1240.121922 3.628483
1240.131532 3.587935
1240.141141 3.548168
1240.150751 3.509168
1240.160360 3.470922
1240.169970 3.433417
1240.179580 3.396639
1240.189189 3.360575
1240.198799 3.325212
1240.208408 3.290537
1240.218018 3.256537
1240.227628 3.223198
1240.237237 3.190509
1240.246847 3.158455
1240.256456 3.127024
1240.266066 3.096204
1240.275676 3.065983
1240.285285 3.036347
1240.294895 3.007286
1240.304505 2.978787
1240.314114 2.950839
1240.323724 2.923430
1240.333333 2.896548
1240.342943 2.870183
1240.352553 2.844324
1240.362162 2.818959
1240.371772 2.794079
1240.381381 2.769673
1240.390991 2.745731
1240.400601 2.722243
1240.410210 2.699199
1240.419820 2.676590
1240.429429 2.654405
1240.439039 2.632637
1240.448649 2.611276
1240.458258 2.590313
1240.467868 2.569740
1240.477477 2.549547
1240.487087 2.529728
1240.496697 2.510274
1240.506306 2.491177
1240.515916 2.472429
1240.525526 2.454022
1240.535135 2.435950
1240.544745 2.418205
1240.554354 2.400781
1240.563964 2.383669
1240.573574 2.366864
1240.583183 2.350359
1240.592793 2.334148
1240.602402 2.318223
1240.612012 2.302580
1240.621622 2.287212
1240.631231 2.272113
1240.640841 2.257277
1240.650450 2.242700
1240.660060 2.228374
1240.669670 2.214297
1240.679279 2.200461
1240.688889 2.186862
1240.698498 2.173494
1240.708108 2.160354
1240.717718 2.147436
1240.727327 2.134736
1240.736937 2.122249
1240.746547 2.109971
1240.756156 2.097898
1240.765766 2.086024
1240.775375 2.074347
1240.784985 2.062862
1240.794595 2.051565
1240.804204 2.040453
1240.813814 2.029521
1240.823423 2.018766
1240.833033 2.008185
1240.842643 1.997773
1240.852252 1.987528
1240.861862 1.977447
1240.871471 1.967525
1240.881081 1.957760
1240.890691 1.948149
1240.900300 1.938688
1240.909910 1.929376
1240.919520 1.920208
1240.929129 1.911181
1240.938739 1.902295
1240.948348 1.893544
1240.957958 1.884928
1240.967568 1.876442
1240.977177 1.868086
1240.986787 1.859856
1240.996396 1.851750
1241.006006 1.843765
1241.015616 1.835899
1241.025225 1.828151
1241.034835 1.820517
1241.044444 1.812996
1241.054054 1.805585
1241.063664 1.798283
1241.073273 1.791087
1241.082883 1.783995
1241.092492 1.777007
1241.102102 1.770118
1241.111712 1.763329
1241.121321 1.756637
1241.130931 1.750040
1241.140541 1.743536
1241.150150 1.737124
1241.159760 1.730802
1241.169369 1.724569
1241.178979 1.718423
1241.188589 1.712362
1241.198198 1.706385
1241.207808 1.700491
1241.217417 1.694677
1241.227027 1.688943
1241.236637 1.683288
1241.246246 1.677708
1241.255856 1.672205
1241.265465 1.666775
1241.275075 1.661419
1241.284685 1.656134
1241.294294 1.650919
1241.303904 1.645773
1241.313514 1.640696
1241.323123 1.635685
1241.332733 1.630740
1241.342342 1.625860
1241.351952 1.621043
1241.361562 1.616288
1241.371171 1.611595
1241.380781 1.606962
1241.390390 1.602389
1241.400000 1.597874
1241.409610 1.593417
1241.419219 1.589016
1241.428829 1.584670
1241.438438 1.580379
1241.448048 1.576142
1241.457658 1.571958
1241.467267 1.567826
1241.476877 1.563745
1241.486486 1.559715
1241.496096 1.555734
1241.505706 1.551802
1241.515315 1.547918
1241.524925 1.544081
1241.534535 1.540291
1241.544144 1.536547
1241.553754 1.532847
1241.563363 1.529192
1241.572973 1.525581
1241.582583 1.522013
1241.592192 1.518487
1241.601802 1.515003
1241.611411 1.511559
1241.621021 1.508157
1241.630631 1.504794
1241.640240 1.501470
1241.649850 1.498185
1241.659459 1.494938
1241.669069 1.491728
1241.678679 1.488555
1241.688288 1.485419
1241.697898 1.482318
1241.707508 1.479253
1241.717117 1.476223
1241.726727 1.473226
1241.736336 1.470264
1241.745946 1.467334
1241.755556 1.464438
1241.765165 1.461574
1241.774775 1.458741
1241.784384 1.455940
1241.793994 1.453170
1241.803604 1.450430
1241.813213 1.447720
1241.822823 1.445040
1241.832432 1.442389
1241.842042 1.439767
1241.851652 1.437173
1241.861261 1.434607
1241.870871 1.432069
1241.880480 1.429558
1241.890090 1.427073
1241.899700 1.424615
1241.909309 1.422184
1241.918919 1.419777
1241.928529 1.417396
1241.938138 1.415041
1241.947748 1.412709
1241.957357 1.410402
1241.966967 1.408120
1241.976577 1.405860
1241.986186 1.403624
1241.995796 1.401411
1242.005405 1.399221
1242.015015 1.397053
1242.024625 1.394908
1242.034234 1.392784
1242.043844 1.390682
1242.053453 1.388600
1242.063063 1.386540
1242.072673 1.384501
1242.082282 1.382482
1242.091892 1.380483
1242.101502 1.378504
1242.111111 1.376544
1242.120721 1.374604
1242.130330 1.372683
1242.139940 1.370781
1242.149550 1.368898
1242.159159 1.367033
1242.168769 1.365186
1242.178378 1.363357
1242.187988 1.361546
1242.197598 1.359752
1242.207207 1.357975
1242.216817 1.356216
1242.226426 1.354473
1242.236036 1.352747
1242.245646 1.351037
1242.255255 1.349344
1242.264865 1.347666
1242.274474 1.346004
1242.284084 1.344358
1242.293694 1.342728
1242.303303 1.341112
1242.312913 1.339512
1242.322523 1.337926
1242.332132 1.336355
1242.341742 1.334799
1242.351351 1.333256
1242.360961 1.331728
1242.370571 1.330214
1242.380180 1.328714
1242.389790 1.327228
1242.399399 1.325755
1242.409009 1.324295
1242.418619 1.322848
1242.428228 1.321415
1242.437838 1.319994
1242.447447 1.318586
1242.457057 1.317190
1242.466667 1.315807
1242.476276 1.314436
1242.485886 1.313077
1242.495495 1.311731
1242.505105 1.310396
1242.514715 1.309073
1242.524324 1.307761
1242.533934 1.306461
1242.543544 1.305172
1242.553153 1.303894
1242.562763 1.302627
1242.572372 1.301371
1242.581982 1.300126
1242.591592 1.298892
1242.601201 1.297668
1242.610811 1.296455
1242.620420 1.295252
1242.630030 1.294059
1242.639640 1.292876
1242.649249 1.291704
1242.658859 1.290541
1242.668468 1.289387
1242.678078 1.288244
1242.687688 1.287110
1242.697297 1.285986
1242.706907 1.284870
1242.716517 1.283764
1242.726126 1.282668
1242.735736 1.281580
1242.745345 1.280501
1242.754955 1.279431
1242.764565 1.278370
1242.774174 1.277317
1242.783784 1.276273
1242.793393 1.275237
1242.803003 1.274210
1242.812613 1.273191
1242.822222 1.272180
1242.831832 1.271178
1242.841441 1.270183
1242.851051 1.269196
1242.860661 1.268218
1242.870270 1.267246
1242.879880 1.266283
1242.889489 1.265327
1242.899099 1.264379
1242.908709 1.263438
1242.918318 1.262505
1242.927928 1.261579
1242.937538 1.260660
1242.947147 1.259748
1242.956757 1.258844
1242.966366 1.257946
1242.975976 1.257055
1242.985586 1.256172
1242.995195 1.255294
1243.004805 1.254424
1243.014414 1.253560
1243.024024 1.252703
1243.033634 1.251853
1243.043243 1.251009
1243.052853 1.250171
1243.062462 1.249340
1243.072072 1.248515
1243.081682 1.247696
1243.091291 1.246883
1243.100901 1.246076
1243.110511 1.245276
1243.120120 1.244481
1243.129730 1.243692
1243.139339 1.242909
1243.148949 1.242132
1243.158559 1.241361
1243.168168 1.240595
1243.177778 1.239835
1243.187387 1.239080
1243.196997 1.238331
1243.206607 1.237588
1243.216216 1.236849
1243.225826 1.236117
1243.235435 1.235389
1243.245045 1.234667
1243.254655 1.233950
1243.264264 1.233238
1243.273874 1.232531
1243.283483 1.231829
1243.293093 1.231133
1243.302703 1.230441
1243.312312 1.229754
1243.321922 1.229072
1243.331532 1.228395
1243.341141 1.227722
1243.350751 1.227055
1243.360360 1.226392
1243.369970 1.225734
1243.379580 1.225080
1243.389189 1.224431
1243.398799 1.223786
1243.408408 1.223146
1243.418018 1.222510
1243.427628 1.221879
1243.437237 1.221252
1243.446847 1.220629
1243.456456 1.220011
1243.466066 1.219397
1243.475676 1.218787
1243.485285 1.218181
1243.494895 1.217579
1243.504505 1.216982
1243.514114 1.216388
1243.523724 1.215799
1243.533333 1.215213
1243.542943 1.214632
1243.552553 1.214054
1243.562162 1.213480
1243.571772 1.212910
1243.581381 1.212344
1243.590991 1.211782
1243.600601 1.211223
1243.610210 1.210668
1243.619820 1.210117
1243.629429 1.209569
1243.639039 1.209025
1243.648649 1.208485
1243.658258 1.207948
1243.667868 1.207414
1243.677477 1.206884
1243.687087 1.206358
1243.696697 1.205835
1243.706306 1.205315
1243.715916 1.204799
1243.725526 1.204286
1243.735135 1.203776
1243.744745 1.203270
1243.754354 1.202767
1243.763964 1.202267
1243.773574 1.201770
1243.783183 1.201277
1243.792793 1.200787
1243.802402 1.200299
1243.812012 1.199815
1243.821622 1.199334
1243.831231 1.198856
1243.840841 1.198381
1243.850450 1.197909
1243.860060 1.197440
1243.869670 1.196974
1243.879279 1.196511
1243.888889 1.196050
1243.898498 1.195593
1243.908108 1.195138
1243.917718 1.194686
1243.927327 1.194237
1243.936937 1.193791
1243.946547 1.193348
1243.956156 1.192907
1243.965766 1.192469
1243.975375 1.192034
1243.984985 1.191601
1243.994595 1.191171
1244.004204 1.190743
1244.013814 1.190319
1244.023423 1.189896
1244.033033 1.189477
1244.042643 1.189059
1244.052252 1.188645
1244.061862 1.188233
1244.071471 1.187823
1244.081081 1.187416
1244.090691 1.187011
1244.100300 1.186609
1244.109910 1.186209
1244.119520 1.185811
1244.129129 1.185416
1244.138739 1.185023
1244.148348 1.184632
1244.157958 1.184244
1244.167568 1.183858
1244.177177 1.183474
1244.186787 1.183093
1244.196396 1.182714
1244.206006 1.182337
1244.215616 1.181962
1244.225225 1.181589
1244.234835 1.181219
1244.244444 1.180851
1244.254054 1.180485
1244.263664 1.180121
1244.273273 1.179759
1244.282883 1.179399
1244.292492 1.179041
1244.302102 1.178685
1244.311712 1.178332
1244.321321 1.177980
1244.330931 1.177630
1244.340541 1.177282
1244.350150 1.176937
1244.359760 1.176593
1244.369369 1.176251
1244.378979 1.175911
1244.388589 1.175573
1244.398198 1.175237
1244.407808 1.174903
1244.417417 1.174571
1244.427027 1.174241
1244.436637 1.173912
1244.446246 1.173585
1244.455856 1.173260
1244.465465 1.172937
1244.475075 1.172616
1244.484685 1.172296
1244.494294 1.171979
1244.503904 1.171663
1244.513514 1.171348
1244.523123 1.171036
1244.532733 1.170725
1244.542342 1.170416
1244.551952 1.170109
1244.561562 1.169803
1244.571171 1.169499
1244.580781 1.169196
1244.590390 1.168895
1244.600000 1.168596
