-2.9499999999999993       -4.8                     -1.5651323866179916
-3                        -4.8                     -1.1476938149266416
-2.9                      -4.8                     -1.8940250056731611
-2.8499999999999996       -4.8                     -2.102841892473374
-2.7999999999999994       -4.8                     -2.168597516104289
-2.7499999999999996       -4.8                     -2.0777943099571488
-2.6999999999999993       -4.8                     -1.827497283081859
-2.6499999999999995       -4.8                     -1.425832856145865
-2.5999999999999996       -4.8                     -0.8917818528652182
-2.549999999999999        -4.8                     -0.2542377238705341
-2.499999999999999        -4.8                     0.44963392260623614
-2.4499999999999993       -4.8                     1.1766444173392459
-2.399999999999999        -4.8                     1.8803039837005453
-2.349999999999999        -4.8                     2.513844323899831
-2.299999999999999        -4.8                     3.033344604204599
-2.249999999999999        -4.8                     3.400751737621179
-2.199999999999999        -4.8                     3.5865881475625336
-2.1499999999999986       -4.8                     3.5721567446260423
-2.099999999999999        -4.8                     3.3510828052126
-2.0499999999999985       -4.8                     2.930074005062577
-1.9999999999999982       -4.8                     2.328830387265538
-1.9499999999999988       -4.8                     1.5790922101615534
-1.8999999999999988       -4.8                     0.7228716487590083
-1.8499999999999988       -4.799999999999999       -0.1900297571982112
-1.799999999999999        -4.8                     -1.1050660913965544
-1.7499999999999991       -4.800000000000001       -1.9663622667201195
-1.6999999999999988       -4.8                     -2.720279265065325
-1.6499999999999988       -4.8                     -3.318895788743344
-1.599999999999999        -4.8                     -3.7231748974530303
-1.5499999999999994       -4.8                     -3.9056020782036573
-1.4999999999999991       -4.8                     -3.8521137062752935
-1.449999999999999        -4.8                     -3.563179974786466
-1.3999999999999992       -4.8                     -3.053961076255489
-1.3499999999999994       -4.8                     -2.353516002027474
-1.2999999999999996       -4.8                     -1.5031062693888617
-1.2499999999999993       -4.8                     -0.5536970594794626
-1.1999999999999995       -4.8                     0.43718844409711316
-1.1499999999999995       -4.800000000000001       1.4090580665349917
-1.0999999999999996       -4.8                     2.3022546373539825
-1.0499999999999998       -4.8                     3.061730244621639
-0.9999999999999996       -4.8                     3.6405424467674905
-0.9499999999999997       -4.8                     4.0028517855183825
-0.9                      -4.8                     4.126175100480855
-0.9500000000000448       4.8                      4.002858415399062
-0.9                      4.8                      4.126177990936615
-1.0000000000000437       4.8                      3.6405470159773277
-1.0500000000000427       4.8                      3.061746245674241
-1.1000000000000414       4.8                      2.302264354814773
-1.1500000000000403       4.8                      1.4090660506017267
-1.2000000000000393       4.8                      0.43719482646963265
-1.2500000000000382       4.8                      -0.5536934577255568
-1.3000000000000371       4.8                      -1.5031055430423779
-1.350000000000036        4.8                      -2.353516980278177
-1.4000000000000352       4.8                      -3.0539628157138976
-1.450000000000034        4.8                      -3.5631818788472502
-1.500000000000033        4.8                      -3.852115522812766
-1.5500000000000316       4.8                      -3.905603760613928
-1.6000000000000305       4.8                      -3.723176410495568
-1.6500000000000292       4.8                      -3.3188971040868913
-1.7000000000000282       4.8                      -2.720280365792254
-1.750000000000027        4.8                      -1.9663631494542755
-1.800000000000026        4.8                      -1.1050667669267933
-1.850000000000025        4.8                      -0.1900302501905257
-1.900000000000024        4.8                      0.722871300668653
-1.9500000000000228       4.8                      1.5790919577483296
-3                        4.8                      -1.147701093890361
-2.950000000000001        4.8                      -1.5651400106340918
-2.0000000000000218       4.8                      2.328830171498685
-2.0500000000000207       4.8                      2.930073759238443
-2.100000000000019        4.8                      3.3510824573836944
-2.150000000000018        4.8                      3.5721562202622703
-2.200000000000017        4.8                      3.586587372360101
-2.9000000000000026       4.8                      -1.8940323850485226
-2.250000000000016        4.8                      3.400750640329342
-2.300000000000015        4.8                      3.0333431192665055
-2.850000000000003        4.8                      -2.1028489061485724
-2.3500000000000143       4.8                      2.5138423936445493
-2.8000000000000043       4.8                      -2.16860412738194
-2.7500000000000053       4.799999999999999        -2.077800520490392
-2.400000000000013        4.8                      1.880301559877164
-2.4500000000000117       4.8                      1.1766414620337207
-2.700000000000007        4.8                      -1.8275030296747925
-2.5000000000000107       4.8                      0.4496304089569352
-2.6500000000000075       4.8                      -1.425838075018381
-2.600000000000008        4.8                      -0.8917865131686089
-2.5500000000000096       4.8                      -0.2542418105092672
-2.65                     -2.8343527639334014      -0.7651742066476948
-2.65                     -2.882386828989538       -0.8842509773634515
-2.65                     -2.9304208940456746      -0.9192030722754923
-2.6500000000000004       -2.9784549591018115      -0.8886400386281663
-2.6499999999999995       -3.0264890241579483      -0.7943814811510232
-2.65                     -3.0745230892140856      -0.6401821771230405
-2.65                     -3.1225571542702224      -0.43308041703957617
-2.65                     -3.170591219326359       -0.18363580564092025
-2.6499999999999995       -3.2186252843824956      0.09429527600566043
-2.65                     -3.2666593494386325      0.38407034586596
-2.65                     -3.3146934144947693      0.6669755318349297
-2.65                     -3.362727479550906       0.9230764536791358
-2.65                     -3.410761544607043       1.1321291838776786
-2.65                     -3.45879560966318        1.274453812596204
-2.65                     -3.506829674719316       1.3316283322626554
-2.65                     -3.5548637397754534      1.28674940957041
-2.65                     -3.60289780483159        1.1236688048387837
-2.6499999999999995       -3.650931869887727       0.8233594670149161
-2.65                     -3.6989659349438635      0.3500165747920247
-2.65                     -3.747                   -0.5928475374642207
-2.6                      -3.7469999999999994      -1.5693995016313447
-2.549999999999999        -3.746999999999999       -2.0253815051717257
-2.499999999999999        -3.746999999999999       -2.249655420501879
-2.449999999999999        -3.746999999999999       -2.277833348914024
-2.3999999999999986       -3.746999999999999       -2.13487809168944
-2.3499999999999983       -3.746999999999999       -1.847767009634369
-2.299999999999998        -3.7469999999999994      -1.4478174897441871
-2.249999999999998        -3.746999999999999       -0.9700046855273614
-2.1999999999999975       -3.7469999999999994      -0.45119204204399754
-2.1499999999999972       -3.746999999999999       0.07203497190098179
-2.0999999999999965       -3.746999999999999       0.5655743257140194
-2.0499999999999967       -3.7469999999999994      0.9998154058909274
-1.9999999999999967       -3.7469999999999994      1.3512785776442822
-1.949999999999996        -3.746999999999999       1.603766813563892
-1.8999999999999955       -3.746999999999999       1.7489584301147325
-1.8499999999999954       -3.7469999999999994      1.7864178190908637
-1.7999999999999952       -3.747                   1.723047010539981
-1.7499999999999947       -3.7469999999999994      1.5720426783057282
-1.6999999999999942       -3.747                   1.3514583189724658
-1.6499999999999937       -3.7469999999999994      1.0824976094585739
-1.5999999999999934       -3.7469999999999994      0.7876807650177631
-1.5499999999999932       -3.7469999999999994      0.4890302137332565
-1.4999999999999927       -3.747                   0.20641504237001046
-1.4499999999999924       -3.747                   -0.04382374163114574
-1.399999999999992        -3.747                   -0.24987151488346862
-1.3499999999999914       -3.7469999999999994      -0.40499932320639065
-1.299999999999991        -3.7469999999999994      -0.5076587513118342
-1.2499999999999907       -3.747                   -0.5611257543902392
-1.1999999999999902       -3.747                   -0.5727425422204351
-1.14999999999999         -3.747                   -0.552838684490845
-1.0999999999999894       -3.747                   -0.5134358606271296
-1.049999999999989        -3.7469999999999994      -0.4668570665306514
-0.9999999999999886       -3.747                   -0.42437010337552167
-0.9499999999999882       -3.747                   -0.3950025776929723
-0.9                      -3.747                   -0.38453772783442686
-2.65                     3.747                    -0.5924273700819023
-2.65                     3.698965934943863        0.3500695722885029
-2.65                     3.650931869887727        0.8233811058395245
-2.65                     3.602897804831591        1.1236862857917909
-2.6500000000000004       3.5548637397754552       1.286761859134925
-2.65                     3.5068296747193193       1.3316370023661945
-2.6500000000000004       3.4587956096631833       1.274459029516597
-2.65                     3.4107615446070474       1.1321312764705396
-2.6500000000000004       3.3627274795509114       0.9230757714020961
-2.65                     3.3146934144947755       0.6669724771325958
-2.65                     3.26665934943864         0.3840653615180123
-2.65                     3.2186252843825036       0.0942888203340419
-2.65                     3.1705912193263677       -0.18364328101695965
-2.65                     3.1225571542702326       -0.43308855674403185
-2.65                     3.0745230892140962       -0.6401907538208034
-2.65                     3.0264890241579607       -0.7943903371014365
-2.6499999999999995       2.9784549591018252       -0.8886493790421205
-2.65                     2.930420894045689        -0.9192133570744637
-2.65                     2.8823868289895533       -0.8843112054898963
-2.65                     2.8343527639334027       -0.7653649010242196
-0.9                      3.747                    -0.38454017838671034
-0.9500000000000001       3.7470000000000003       -0.39499774924136344
-1.0000000000000002       3.747                    -0.42437283910055
-1.0500000000000007       3.747                    -0.46685644029121076
-1.100000000000001        3.747                    -0.5134349961052929
-1.150000000000001        3.747                    -0.5528386898076485
-1.2000000000000015       3.7469999999999994       -0.5727424061341284
-1.2500000000000018       3.747                    -0.5611251623664211
-1.300000000000002        3.747                    -0.5076578434699642
-1.3500000000000023       3.7470000000000003       -0.4049982860268857
-1.4000000000000026       3.747                    -0.24987041152172956
-1.4500000000000028       3.747                    -0.04382252642974645
-1.500000000000003        3.747                    0.20641635062419908
-1.5500000000000034       3.7470000000000003       0.48903152780986286
-1.6000000000000039       3.747                    0.7876819816872461
-1.650000000000004        3.747                    1.0824986263419798
-1.7000000000000042       3.747                    1.3514590408711307
-1.750000000000005        3.747                    1.5720430210503316
-1.800000000000005        3.747                    1.7230469046820467
-1.8500000000000054       3.747                    1.786417213057081
-1.900000000000006        3.747                    1.7489572924245451
-1.9500000000000064       3.747                    1.6037651337744026
-2.0000000000000067       3.747                    1.3512763657943712
-2.050000000000007        3.747                    0.9998126902570947
-2.100000000000007        3.747                    0.5655711486456765
-2.150000000000008        3.747                    0.07203138328849126
-2.200000000000008        3.747                    -0.45119599433602087
-2.2500000000000084       3.747                    -0.9700089746311247
-2.300000000000009        3.747                    -1.4478221320713849
-2.35000000000001         3.747                    -1.8477720700396687
-2.4000000000000097       3.747                    -2.1348836734982033
-2.4500000000000104       3.747                    -2.2778396254719264
-2.500000000000011        3.747                    -2.2496625810956106
-2.5500000000000114       3.747                    -2.0253884778939746
-2.600000000000011        3.747                    -1.5693552535010742
-0.8999999999999999       -3.7971428571428563      -0.35987397788043496
-0.8999999999999999       -3.8472857142857135      -0.28638058386558496
-0.8999999999999999       -3.897428571428571       -0.16561448386540484
-0.8999999999999999       -3.947571428571427       -1.0948748236495214E-4+2.792724479948848E-13i
-0.8999999999999999       -3.997714285714283       0.20663943437554094
-0.9                      -4.047857142857141       0.4502422625011894
-0.9                      -4.097999999999997       0.7254898559999599
-0.8999999999999999       -4.1481428571428545      1.0264507425327636
-0.9                      -4.198285714285711       1.3465842756979003
-0.9                      -4.248428571428568       1.6788705394781143
-0.8999999999999999       -4.2985714285714245      2.0159554505572412
-0.9                      -4.348714285714282       2.350309002020402
-0.9                      -4.398857142857138       2.6743934576272617
-0.9                      -4.448999999999995       2.9808379289482123
-0.9                      -4.499142857142852       3.262614763171115
-0.8999999999999999       -4.549285714285709       3.5132130231339938
-0.8999999999999999       -4.599428571428566       3.7268016480290282
-0.8999999999999999       -4.649571428571423       3.898380531841047
-0.8999999999999999       -4.699714285714279       4.023917022763024
-0.8999999999999999       -4.749857142857136       4.100447910217278
-0.8999999999999999       4.749857142857142        4.1004402804674775
-0.8999999999999999       4.6997142857142835       4.0239129593792615
-0.8999999999999999       4.649571428571425        3.898377191207385
-0.8999999999999999       4.599428571428568        3.7267981193995943
-0.8999999999999999       4.549285714285709        3.5132112447026222
-0.9                      4.499142857142851        3.262614455347184
-0.9                      4.448999999999993        2.980838076397098
-0.9                      4.3988571428571355       2.674393767940791
-0.9                      4.348714285714277        2.350309364504425
-0.9                      4.298571428571419        2.015955760397365
-0.8999999999999999       4.24842857142856         1.6788706901985644
-0.8999999999999999       4.198285714285702        1.3465841396510192
-0.8999999999999999       4.148142857142844        1.0264501907316617
-0.8999999999999999       4.097999999999986        0.7254887739228151
-0.9                      4.047857142857128        0.4502406266199647
-0.8999999999999999       3.9977142857142702       0.20663646924744983
-0.9                      3.947571428571411        -1.1484603803173178E-4-3.8614951351507304E-13i
-0.8999999999999998       3.8974285714285535       -0.16562267305235318
-0.8999999999999999       3.8472857142856953       -0.28638187346468363
-0.8999999999999999       3.797142857142837        -0.3598799910526871
0.9                       -4.8                     4.08987181982145
0.8999999999999999        -4.749857142857142       4.064359288448953
0.8999999999999999        -4.6997142857142835      3.9885031103543884
0.8999999999999999        -4.649571428571425       3.864067471852797
0.8999999999999999        -4.599428571428568       3.693992628246619
0.8999999999999999        -4.549285714285709       3.482278560911041
0.9                       -4.499142857142851       3.2338794688697496
0.9                       -4.448999999999993       2.954574713342941
0.9                       -4.3988571428571355      2.6508190157917104
0.9                       -4.348714285714277       2.329578751163579
0.9                       -4.298571428571419       1.9981602079232883
0.8999999999999999        -4.24842857142856        1.6640349418180413
0.8999999999999999        -4.198285714285702       1.334666871261489
0.8999999999999999        -4.148142857142844       1.0173454980707124
0.8999999999999999        -4.097999999999986       0.7190285928431733
0.9                       -4.047857142857128       0.4461997884241865
0.8999999999999999        -3.9977142857142702      0.2047378470094079
0.9                       -3.947571428571411       -1.942983904093475E-4-1.876815082469882E-13i
0.8999999999999998        -3.8974285714285535      -0.16424766859409867
0.8999999999999999        -3.8472857142856953      -0.28394571113461975
0.8999999999999999        -3.797142857142837       -0.3567972775875379
0.9                       -3.747                   -0.381240812638044
0.9500000000000448        -4.8                     3.9676392895661943
1.0000000000000437        -4.8                     3.6085195111186144
1.0500000000000427        -4.8                     3.0348145805775584
1.1000000000000414        -4.8                     2.282019013737939
1.1500000000000403        -4.8                     1.3966853351467001
1.2000000000000393        -4.8                     0.43337163832637743
1.2500000000000382        -4.8                     -0.5487922254541538
1.3000000000000371        -4.8                     -1.4898460414577521
1.350000000000036         -4.8                     -2.3327717647513526
1.4000000000000352        -4.8                     -3.0270530390750165
1.450000000000034         -4.8                     -3.531791863057277
1.500000000000033         -4.8                     -3.8181851711956796
1.5500000000000316        -4.8                     -3.871206135002053
1.6000000000000305        -4.8                     -3.690388335896399
1.6500000000000292        -4.8                     -3.28967107844104
1.7000000000000282        -4.8                     -2.6963260942822256
1.750000000000027         -4.8                     -1.9490460869404576
1.800000000000026         -4.8                     -1.0953299252657944
1.850000000000025         -4.8                     -0.18834392432326658
1.900000000000024         -4.8                     0.7165291175295876
1.9500000000000228        -4.8                     1.5652237402424998
2.0000000000000218        -4.8                     2.308376939534871
2.0500000000000207        -4.8                     2.9043463373134784
2.100000000000019         -4.8                     3.32167088002961
3                         -4.8                     -1.1369377133637624
2.950000000000001         -4.8                     -1.5507424699594279
2.150000000000018         -4.8                     3.5408235848287433
2.9000000000000026        -4.8                     -1.8767782201417835
2.850000000000003         -4.8                     -2.0837927220310375
2.200000000000017         -4.8                     3.5551553367699107
2.250000000000016         -4.8                     3.3709841665336686
2.300000000000015         -4.8                     3.0068419543636997
2.3500000000000143        -4.8                     2.4919461765165094
2.8000000000000043        -4.8                     -2.1490029729773923
2.400000000000013         -4.8                     1.8640143915994136
2.7500000000000053        -4.799999999999999       -2.0590306799550593
2.700000000000007         -4.8                     -1.8109671923722777
2.4500000000000117        -4.8                     1.1665803626016336
2.5000000000000107        -4.8                     0.4460004038093224
2.6500000000000075        -4.8                     -1.4128680012520518
2.5500000000000096        -4.8                     -0.2516450556247131
2.600000000000008         -4.8                     -0.8835474353278627
0.9500000000000001        -3.7470000000000003      -0.3916027666579385
1.0000000000000002        -3.747                   -0.4207116082109962
1.0500000000000007        -3.747                   -0.4628073236117607
1.100000000000001         -3.747                   -0.508956824624439
1.150000000000001         -3.747                   -0.5479925100073981
1.2000000000000015        -3.7469999999999994      -0.5676978630957309
1.2500000000000018        -3.747                   -0.5561589590297948
1.300000000000002         -3.747                   -0.5031391529232161
1.3500000000000023        -3.7470000000000003      -0.40136212784085856
1.4000000000000026        -3.747                   -0.24758181858164385
1.4500000000000028        -3.747                   -0.04333389098116362
1.500000000000003         -3.747                   0.20471122669677544
1.5500000000000034        -3.7470000000000003      0.4848425606420288
1.6000000000000039        -3.747                   0.7808629889439247
1.650000000000004         -3.747                   1.073078725052536
1.7000000000000042        -3.747                   1.3396619219392134
1.750000000000005         -3.747                   1.55829160790003
1.800000000000005         -3.747                   1.7079519797180338
1.8500000000000054        -3.747                   1.7707498302377678
1.900000000000006         -3.747                   1.7336060872171912
1.9500000000000064        -3.747                   1.5896808957714625
2.0000000000000067        -3.747                   1.3394073541286233
2.050000000000007         -3.747                   0.991035055312816
2.100000000000007         -3.747                   0.5606193973032969
2.150000000000008         -3.747                   0.07143403032412475
2.200000000000008         -3.747                   -0.4471706457375252
2.2500000000000084        -3.747                   -0.9613926012689276
2.300000000000009         -3.747                   -1.4349684348604645
2.35000000000001          -3.747                   -1.8313593088579132
2.4000000000000097        -3.747                   -2.1158980839756483
2.4500000000000104        -3.747                   -2.2575426773770984
2.500000000000011         -3.747                   -2.2295528238285334
2.5500000000000114        -3.747                   -2.0071805531357407
2.600000000000011         -3.747                   -1.5551163537196724
2.65                      -3.7470000000000003      -0.5865327935642399
0.8999999999999999        4.749857142857136        4.064360056355091
0.9                       4.8                      4.089861829964149
0.8999999999999999        4.699714285714279        3.9885002777838596
0.8999999999999999        4.649571428571423        3.8640631628883932
0.8999999999999999        4.599428571428566        3.693988104537512
0.8999999999999999        4.549285714285709        3.4822739348994967
0.9                       4.499142857142852        3.233874644185672
0.9                       4.448999999999995        2.9545702204907025
0.9                       4.398857142857138        2.650815234014135
0.9                       4.348714285714282        2.329576045474131
0.8999999999999999        4.2985714285714245       1.998158628493161
0.9                       4.248428571428568        1.664034669639976
0.9                       4.198285714285711        1.3346680608693695
0.8999999999999999        4.1481428571428545       1.0173481526494954
0.9                       4.097999999999997        0.7190330391652838
0.9                       4.047857142857141        0.4462057887563414
0.8999999999999999        3.997714285714283        0.20474558478757876
0.8999999999999999        3.947571428571427        -1.8459297059815325E-4+1.1831502574541353E-13i
0.8999999999999999        3.897428571428571        -0.16423313654557933
0.8999999999999999        3.8472857142857135       -0.2839362265570722
0.8999999999999999        3.7971428571428563       -0.35678310199650504
0.9                       3.747                    -0.381230028417462
0.9499999999999882        3.747                    -0.3915988077673459
0.9999999999999886        3.747                    -0.4207017387244266
1.049999999999989         3.7469999999999994       -0.46280090234850224
1.0999999999999894        3.747                    -0.5089526916176641
1.14999999999999          3.747                    -0.5479884618679303
1.1999999999999902        3.747                    -0.5676953905396186
1.2499999999999907        3.747                    -0.5561585321096245
1.299999999999991         3.7469999999999994       -0.5031405478836223
1.3499999999999914        3.7469999999999994       -0.40136510719591845
1.399999999999992         3.747                    -0.24758619151934744
1.4499999999999924        3.747                    -0.04333939615919863
1.4999999999999927        3.747                    0.20470492673481705
1.5499999999999932        3.7469999999999994       0.48483590909185137
1.5999999999999934        3.7469999999999994       0.7808564920969991
1.6499999999999937        3.7469999999999994       1.0730728994300698
1.6999999999999942        3.747                    1.3396572748062157
1.7499999999999947        3.7469999999999994       1.5582886155231666
1.7999999999999952        3.747                    1.7079510673512273
1.8499999999999954        3.7469999999999994       1.7707513551883365
1.8999999999999955        3.746999999999999        1.7336103263388738
1.949999999999996         3.746999999999999        1.5896880384076262
1.9999999999999967        3.7469999999999994       1.339417501311716
2.0499999999999967        3.7469999999999994       0.9910482259380969
2.0999999999999965        3.746999999999999        0.560635542064911
2.1499999999999972        3.746999999999999        0.07145305452079308
2.1999999999999975        3.7469999999999994       -0.44714884874294053
2.249999999999998         3.746999999999999        -0.9613681024274002
2.299999999999998         3.7469999999999994       -1.4349412000490243
2.3499999999999983        3.746999999999999        -1.83132909678358
2.3999999999999986        3.746999999999999        -2.115864258875506
2.449999999999999         3.746999999999999        -2.2575040604478884
2.499999999999999         3.746999999999999        -2.2295073969694092
2.549999999999999         3.746999999999999        -2.00713409857487
2.6                       3.7469999999999994       -1.5551539008490018
2.65                      3.747                    -0.5873772378508857
0.9499999999999997        4.8                      3.967625896763648
0.9999999999999996        4.8                      3.608507891001055
1.0499999999999998        4.8                      3.0347906633853143
1.0999999999999996        4.8                      2.2820030326498237
1.1499999999999995        4.800000000000001        1.396673932451522
1.1999999999999995        4.8                      0.43336388578226004
1.2499999999999993        4.8                      -0.5487949831852055
1.2999999999999996        4.8                      -1.4898439670155237
1.3499999999999994        4.8                      -2.3327661950629217
1.3999999999999992        4.8                      -3.0270451569643466
1.449999999999999         4.8                      -3.5317824379717244
1.4999999999999991        4.8                      -3.8181747078188737
1.5499999999999994        4.8                      -3.8711950262939374
1.599999999999999         4.8                      -3.6903769540111027
1.6499999999999988        4.8                      -3.2896597982732976
1.6999999999999988        4.8                      -2.696315264013152
1.7499999999999991        4.800000000000001        -1.949036007564231
1.799999999999999         4.8                      -1.0953208326898465
1.8499999999999988        4.799999999999999        -0.18833597439204164
1.8999999999999988        4.8                      0.7165358605182075
1.9499999999999988        4.8                      1.5652293109176973
1.9999999999999982        4.8                      2.308381474276499
2.0499999999999985        4.8                      2.904350072278035
2.099999999999999         4.8                      3.3216741443548594
2.1499999999999986        4.8                      3.540826789194605
2.199999999999999         4.8                      3.5551589576803235
2.249999999999999         4.8                      3.370988726872823
2.299999999999999         4.8                      3.006848000993931
2.349999999999999         4.8                      2.491954255926272
2.9499999999999993        4.8                      -1.5506984534159671
3                         4.8                      -1.1368942219032485
2.399999999999999         4.8                      1.8640250247884342
2.9                       4.8                      -1.8767350815547554
2.4499999999999993        4.8                      1.1665940201937122
2.499999999999999         4.8                      0.44601748152819665
2.8499999999999996        4.8                      -2.0837513602553885
2.7999999999999994        4.8                      -2.1489640880141736
2.549999999999999         4.8                      -0.25162426135675603
2.7499999999999996        4.8                      -2.0589948075424087
2.5999999999999996        4.8                      -0.8835227510224989
2.6499999999999995        4.8                      -1.4128393971199942
2.6999999999999993        4.8                      -1.810934795660485
2.65                      -3.698965934943864       0.3477207030841776
2.65                      -3.650931869887728       0.8168793761244452
2.65                      -3.6028978048315916      1.1144953056363474
2.65                      -3.554863739775455       1.2760258567003575
2.65                      -3.5068296747193184      1.3203339939058134
2.65                      -3.458795609663182       1.2634341101588822
2.65                      -3.4107615446070456      1.1220930348620792
2.65                      -3.3627274795509097      0.9145859167385779
2.65                      -3.314693414494773       0.6604369640870188
2.65                      -3.266659349438637       0.37973066680180245
2.65                      -3.2186252843825005      0.09224483636859052
2.65                      -3.170591219326364       -0.18345344733155494
2.65                      -3.1225571542702277      -0.4308523429011999
2.65                      -3.0745230892140913      -0.6362045132952121
2.6500000000000004        -3.0264890241579545      -0.7890338372022188
2.6499999999999995        -2.9784549591018186      -0.8823582096573785
2.65                      -2.930420894045682       -0.9124513102963521
2.65                      -2.882386828989546       -0.8775294587491052
2.65                      -2.8343527639334027      -0.7591171596906401
2.6499999999999995        3.6989659349438684       0.3474744768746514
2.6499999999999995        3.650931869887731        0.8167542110906549
2.65                      3.602897804831594        1.1144072898283524
2.6499999999999995        3.554863739775457        1.2759646027377558
2.6499999999999995        3.50682967471932         1.3202957053844033
2.6499999999999995        3.458795609663183        1.2634163319348404
2.6499999999999995        3.4107615446070456       1.1220933935265505
2.6499999999999995        3.362727479550909        0.9146017278628513
2.6499999999999995        3.314693414494772        0.6604651741187328
2.65                      3.266659349438635        0.3797679343483128
2.6499999999999995        3.2186252843824983       0.09228767177450212
2.65                      3.170591219326362        -0.18340852003520935
2.6499999999999995        3.1225571542702246       -0.4308085594183869
2.65                      3.0745230892140882       -0.6361647000649657
2.6499999999999995        3.026489024157951        -0.789000358750575
2.65                      2.978454959101814        -0.8823327558544288
2.6499999999999995        2.9304208940456773       -0.9124356636418552
2.65                      2.88238682898954         -0.8775022601581948
2.65                      2.8343527639334036       -0.7590142274295812
-5.999836820177759        -0.0500636984531851      -0.32179572152225866
-6                        4.4408920982421327E-16   -0.3510288825961203
-5.999347255139718        -0.10012527303205694     -0.2366506223848147
-5.998531228396737        -0.15018258608663423     -0.10309734019155582
-5.997388612465122        -0.2002335012251711      0.06698753532927412
-5.99591922865673         -0.250275881646735       0.2582446200609366
-5.994122846844653        -0.30030758846115685     0.45299239185207163
-5.991999185192128        -0.3503264792628402      0.6325745996049505
-5.9895479094623525       -0.40033041402689523     0.7787994431754633
-5.986768635481473        -0.45031720192172725     0.8753683562955797
-5.983660928146738        -0.5002846315622642      0.9091928023732043
-5.98022429992871         -0.5502304904428265      0.8715032769828126
-5.976458210176351        -0.600152563161139       0.7586686591407528
-5.972362064395647        -0.6500486295982928      0.5726632755629582
-5.9679352134881185       -0.6999164631978074      0.32114250057014937
-5.963176953238852        -0.7497538263409702      0.017114143710365314
-5.958086532674803        -0.7995583824414565      -0.32177903359282295
-5.952663149045511        -0.849327757916656       -0.6743257329330564
-5.946905943600041        -0.8990595756185222      -1.0170947954277376
-5.940814000356168        -0.9487514528006865      -1.3259795460195722
-5.934386344838826        -0.9984009990039082      -1.5778370838209699
-5.927621942788148        -1.0480058138529968      -1.7521135413777547
-5.920519699584965        -1.0975634796678229      -1.8323453823728137
-5.913078477986961        -1.1470714361312853      -1.8074333930537656
-5.90529709083786         -1.1965270426366603      -1.6725996812044603
-5.8971742891535435       -1.2459276519787201      -1.429954650715315
-5.8887087602419035       -1.2952706080832368      -1.0886274886811647
-5.8798991258132745       -1.3445532434077259      -0.6644415747812671
-5.870743940054812        -1.3937728762014         -0.17914525440866413
-5.8612416878634575       -1.442926806632482       0.34076250168729516
-5.851390811946875        -1.4920121715706722      0.8655436635242049
-5.841189716746033        -1.541025938538633       1.3639841237777564
-5.830636737514687        -1.5899650594256691      1.805301771248919
-5.8197301366470855       -1.6388264729981543      2.1610773479266996
-5.808468101031982        -1.6876071015623515      2.4070876739258695
-5.796848739364121        -1.736303847412764       2.524923779598854
-5.784870078972328        -1.7849135908234692      2.503288138901457
-5.772530093841268        -1.8334330665682848      2.3388842917295447
-5.759826747198648        -1.8818587070086161      2.036837477212102
-5.746757928936702        -1.930186895704095       1.6106069162708223
-5.733321443836941        -1.9784139973050459      1.081385868535511
-5.719515007992969        -2.026536353123368       0.4770189674399051
-5.705336245186205        -2.074550276381228       -0.1695048189512819
-5.690782683117005        -2.122452047450869       -0.8218984681479651
-5.675851771915339        -2.1702378382398764      -1.4426546260071085
-5.660540988764888        -2.2179033830581996      -1.9952314086874976
-5.6448477493553275       -2.265444278676691       -2.446228586313541
-5.628769368426821        -2.312856094855318       -2.7674097842539847
-5.612303055039723        -2.360134368313202       -2.9374480863205283
-5.595445907800538        -2.407274596215498       -2.9432891095691804
-5.578194910057112        -2.454272229141324       -2.7810462622594354
-5.560546940689745        -2.5011226225801906      -2.4563707267527057
-5.542498940952936        -2.5478205953811193      -1.984274324825044
-5.524047833166136        -2.594360671124334       -1.388402307015761
-5.505190419332826        -2.640737333583283       -0.6997901388497154
-5.485923374543977        -2.6869450195888773      0.04482006689167764
-5.466243240822159        -2.732978109933096       0.8050078460569312
-5.446146420973883        -2.7788309194913383      1.5389307769872407
-5.425629188376587        -2.8244976515601117      2.205678251486999
-5.404687934839688        -2.869971845899063       2.767582001960106
-5.383319096621175        -2.9152465786315416      3.1923713515873153
-5.361518968140346        -2.9603148645997432      3.4550326963661435
-5.3392836915180695       -3.0051696516386297      3.539255696420865
-5.316609248861322        -3.049803807708108       3.4383894160184676
-5.293491454661356        -3.0942101068499026      3.1558539754491592
-5.269925984625234        -3.1383811467486376      2.7049858282952894
-5.245908775169263        -3.182308605472028       2.108337243343265
-5.22143584854546         -3.2259836163937057      1.3964509082431622
-5.196503058166442        -3.2693972300091647      0.6061753590188821
-5.171106077143038        -3.312540401050074       -0.22136644533533634
-5.1452403890627085       -3.355403970198408       -1.0430396776077808
-5.118901278731468        -3.3979786446849243      -1.8160616240503824
-5.092083987930017        -3.440254720782156       -2.50032915611044
-5.064784307984471        -3.482221180431074       -3.060580542801346
-5.036998034921417        -3.5238666056846277      -3.4683113596060915
-5.008720769449325        -3.5651794664757404      -3.7032852865621884
-4.979947906191723        -3.606148097242204       -3.754566816342609
-4.950674623596043        -3.6467606711871845      -3.6210298340975724
-4.9208959024024415       -3.6870051351010895      -3.311321307981383
-4.890607279413654        -3.7268681938689427      -2.8433035688111405
-4.859804888105237        -3.7663353531172         -2.2430017662592032
-4.8284846979397225       -3.805391950386285       -1.5430901805437172
-4.796642470596848        -3.844023170077154       -0.7810354416676314
-4.764273749227169        -3.882214011712525       0.0029926238274188667
-4.73137385510447         -3.9199492482790332      0.7683217644470369
-4.697938671067774        -3.957212520119315       1.4759502982014028
-4.663965316223871        -3.993985694966149       2.0906062434666848
-4.629450883786571        -4.030250356039627       2.582612895661706
-4.59439228806896         -4.0659879332420985      2.9293813898708754
-4.558786253779525        -4.101179667177686       3.1164798412368206
-4.522629329573769        -4.135806548581261       3.1382342227244453
-4.485919135154447        -4.1698481349902385      2.997848252981113
-4.448655024671254        -4.20328210639097        2.7070636882260075
-4.410836408560192        -4.2360859302425995      2.285341259115235
-4.372462597669908        -4.268236969765474       1.7586235154525904
-4.333532791684943        -4.299712449846206       1.1577755905006375
-4.294046340977797        -4.330489211688334       0.5168045210673953
-4.254005120319891        -4.360541957718263       -0.12901035451583287
-4.213412491550875        -4.389844316247632       -0.7450735054259676
-4.172271890942091        -4.418369976709743       -1.2993598576461363
-4.130586793492991        -4.446092685278933       -1.764088385439282
-4.08836074093712         -4.472986194682722       -2.1171170733594193
-4.045599432304499        -4.499022991443936       -2.3429872361281143
-4.002311679615512        -4.524174015229764       -2.433620887972104
-3.9585067861435372       -4.548410462650328       -2.3886128016222434
-3.9141942953300912       -4.571703938728747       -2.215063573476437
-3.8693839694259378       -4.5940264556362         -1.9270091321723641
-3.8240878491907373       -4.615349477022237       -1.5445135553412126
-3.7783218015675897       -4.635643519879816       -1.092476531815302
-3.7321025181644982       -4.654879838558331       -0.5991553676337015
-3.6854471184145132       -4.673030639158546       -0.09454335558941655
-3.6383731515374587       -4.690069091351863       0.39130293714402237
-3.590901234722673        -4.70596849446065        0.8298785824964229
-3.543055291866242        -4.720702578212139       1.1957727830378357
-3.4948599923533585       -4.734246591084812       1.4680519443363933
-3.4463404772192807       -4.746577425544948       1.6313558318698782
-3.397522755606193        -4.757673558207273       1.6766821719124003
-3.3484363366401246       -4.767514638197826       1.6018446264162585
-3.299112229478548        -4.7760822436272505      1.4115910167514767
-3.2495819590308614       -4.783360183496468       1.1173433616565298
-3.1998773509607163       -4.789334562766175       0.736593013141593
-3.1500318624938086       -4.793993692841678       0.292002743412452
-3.1000803430382224       -4.797328303112017       -0.1897709398135672
-3.0500579649968786       -4.799331740186267       -0.6795310095588891
-3.446340527842788        4.7465774133584775       1.6313555655913947
-3.3975228008674447       4.757673548525969        1.6766808857277449
-3.4948600482416725       4.734246576129602        1.468052623497662
-3.543055352915188        4.720702560233551        1.1957742942271787
-3.590901300819813        4.705968473214095        0.8298807783972408
-3.638373222562564        4.690069066603457        0.39130564286024005
-3.685447194241097        4.673030610685313        -0.09454033491816878
-3.732102598666317        4.654879806146085        -0.5991522386121935
-3.3484363764486216       4.767514630749697        1.6018422894263025
-3.2991122637540404       4.776082238132018        1.411587647461872
-3.7783218866138677       4.63564348332501         -1.0924735045292804
-3.824087938645437        4.615349436132711        -1.5445108353424146
-3.2495819877037273       4.783360179666536        1.1173390320257
-3.1998773739720816       4.789334560307673        0.7365878390663525
-3.150031879795146        4.793993691455542        0.2919968504112981
-3.1000803545929005       4.797328302494929        -0.1897774612224527
-3.050057970780366        4.799331740031842        -0.6795381376918925
-3.8693840631481553       4.594026410231514        -1.9270069126918354
-3.914194393177359        4.571703888638971        -2.2150620284663836
-3.9585068879786545       4.548410407712296        -2.388612080394614
-4.002311785298866        4.524173955290685        -2.4336211113951998
-4.045599541693678        4.499022926361848        -2.3429884941447696
-4.088360853887148        4.472986124326639        -2.117119423805085
-4.130586909859317        4.446092609527177        -1.7640918544323325
-4.172272010588957        4.418369895443985        -1.2993644412896885
-4.213412614342363        4.389844229358073        -0.7450791722743308
-4.254005246118951        4.360541865104352        -0.12901704830276617
-4.294046469646352        4.3304891132588335       0.516796878144187
-4.333532923084502        4.299712345518854        1.1577670941344516
-4.372462731671382        4.268236859458858        1.7586142761222778
-4.410836545038053        4.236085813879818        2.285331399130886
-4.44865516349984         4.203281983902466        2.70705333771814
-4.485919276207951        4.169848006313865        2.997837543780247
-4.522629472726242        4.13580641366235         3.138223282917436
-4.558786398907592        4.101179525966475        3.116468794100329
-4.594392435058959        4.065987785686095        2.9293703524898262
-4.629451032526007        4.030250202091159        2.582601977340796
-4.663965466600558        3.9939855345831696       2.0905955625989585
-4.697938822969803        3.95721235326548         1.4759400016872606
-4.731374008420166        3.9199490749237746       0.7683120089431331
-4.764273903847911        3.8822138318278157       0.0029835295593573733+5.654001572485967E-13i
-4.796642626422223        3.8440229836308206       -0.7810437660226222
-4.828484854870218        3.8053917573498546       -1.5430976088603119
-4.859805046041787        3.766335153466406        -2.243008174130087
-4.890607438257591        3.726867987583808        -2.8433088581032697
-4.920896062055456        3.6870049221660133       -3.311325415799994
-4.950674783961252        3.6467604515895182       -3.6210327334135926
-4.979948067179322        3.606147870964047        -3.7545685169523155
-5.008720930971018        3.565179233500898        -3.7032858351243028
-5.036998196889332        3.5238663660000227       -3.468310841079889
-5.06478447031113         3.482220934026831        -3.060579083551193
-5.09208415052829         3.4402544676516746       -2.5003269245397934
-5.118901441514559        3.3979783848249636       -1.816058828252301
-5.145240551947646        3.3554037036033626       -1.0430365604540333
-5.1711062400504995       3.3125401277115567       -0.2213632770179585
-5.19650322101742         3.269396949921171        0.6061782908761371
-5.22143601126127         3.2259833295526112       1.3964533106321442
-5.245908937671512        3.1823083118766626       2.108338831243965
-5.2699261468358          3.1383808464003553       2.704986338745571
-5.293491616502557        3.094209799752299        3.155853181831712
-5.316609410259373        3.0498034938602485       3.4383871420001864
-5.339283852400607        3.005169331039152        3.5392518285218477
-5.361519128435245        2.9603145372490722       3.4550271943956945
-5.383319256256517        2.9152462445319482       3.192364256019454
-5.404688093743747        2.8699715050547265       2.7675734376894123
-5.425629346477817        2.824497303977175        2.2056684276824705
-5.4461465782011205       2.778830565177498        1.538919982831203
-5.466243397107114        2.7329777488917566       0.8049964421144968
-5.485923529819169        2.6869446518233326       0.04480847242282651
-5.505190573530896        2.6407369590982324       -0.6998014623630826
-5.524047986219832        2.594360289925938        -1.388412875343111
-5.5424990927951          2.5478202074770504       -1.9842836524670675
-5.560547091253306        2.501122227979681        -2.456378349434788
-5.578195059275145        2.4542718278550253       -2.7810517594312465
-5.5954460556080114       2.4072741882506405       -2.9432921258242413
-5.6123032013722645       2.360133953676478        -2.9374483504770996
-5.62876951322008         2.3128556735545653       -2.7674071250959567
-5.64484789254496         2.265443850720925        -2.4462229439916783
-5.660541130286547        2.2179029484576573       -1.995222841109635
-5.675851911704678        2.1702373970060638       -1.4426433098401419
-5.69078282110966         2.122451599596594        -0.8218846942818367
-5.705336381318758        2.0745498219174254       -0.1694889824376888
-5.719515142202705        2.0265358920594827       0.47703638254977054
-5.733321576061048        1.978413529651528        1.0814043087655452
-5.746758059112288        1.9301864214723794       1.6106257818145346
-5.759826875262727        1.8818582262111552       2.036856147348071
-5.772530219730756        1.833432579218582        2.3389021513187895
-5.784870202624039        1.784913096936116        2.503304604704522
-5.796848860715107        1.7363033470020537       2.5249383251497775
-5.8084682200199085       1.6876065946404228       2.407099851702954
-5.819730253209446        1.6388259595779535       2.161086807742991
-5.830636851588805        1.589964539520989        1.8053082739742146
-5.841189828269049        1.5410254121641416       1.3639875497547846
-5.851390920855734        1.49201163874194         0.8655440153443996
-5.861241794094911        1.4429262673660115       0.3407599012167178
-5.870744039726094        1.3937723506532214       -0.17915036704955895
-5.87989917308528         1.344552984202769        -0.664446553950916
-5.888708715428439        1.2952708639369268       -1.0886307978640875
-5.897174133927324        1.245928576010002        -1.4299569663862814
-5.905296826542281        1.1965286854853927       -1.6726033611377216
-5.913078123735751        1.1470737392300614       -1.807441400997016
-5.9205192901564025       1.0975662686645902       -1.832359954534735
-5.927621526292248        1.048008792378688        -1.7521349335452778
-5.934385970091458        0.9984038186214301       -1.5778630634882016
-5.940813698549916        0.9487538476750335       -1.3260064510112106
-5.946905729264796        0.8990613741204758       -1.0171189039546404
-5.952663021953739        0.849328889002825        -0.674344383523926
-5.958086479939408        0.7995588819037495       -0.32179126636365174
-5.963176951599406        0.749753842928277        0.01710754487092249
-5.967935231781703        0.6999162646125361       0.3211395548296989
-5.972362078755582        0.6500484615057901       0.5726624531174443
-5.976458214646159        0.6001525064110255       0.7586697048551705
-5.980224291793375        0.5502306032455411       0.871506243400455
-5.9836609075687095       0.5002849457403615       0.9091979030197909
-5.986768605082792        0.45031771807356097      0.8753757380392009
-5.989547873750967        0.400331096732108        0.7788089456241108
-5.991999149834061        0.35032725232871614      0.6325855838299467
-5.994122816954032        0.30030835137878054      0.4530037917605668
-5.995919206584293        0.2502765580423274       0.25825531941219615
-5.997388598514554        0.2002340358358005       0.06699660405308408
-5.998531221290243        0.15018294931838994      -0.10309048156032845
-5.999347252626579        0.10012546575753221      -0.23664616724176646
-5.999836819797535        0.0500637567781316       -0.32179357834112965
1.836970199003124E-16     -1.8                     -0.04508122497184803
-0.04969928881857546      -1.8002671920890114      -0.04596259201708224
-0.0993931330446249       -1.801068871344458       -0.04901662877882579
-0.1490755519531185       -1.8024053298765834      -0.05413365801722014
-0.1987405945763896       -1.8042770457263404      -0.06111560681938708
-0.2483823296315074       -1.8066846860714936      -0.06967432098029192
-0.2979948352538019       -1.8096291106448052      -0.07943151782100968
-0.3475721884674923       -1.8131113753683263      -0.08992148259879133
-0.39710845432210995      -1.817132736204906       -0.10059778290618392
-0.4465976746205804       -1.8216946532248934      -0.11084513100449958
-0.4960338561614258       -1.8267987948826432      -0.119997202673979
-0.5454109584135491       -1.8324470424936186      -0.12736074265837444
-0.5947228805374043       -1.8386414948986765      -0.1322456869279861
-0.6439632387313056       -1.845384443496459       -0.13400036081358713
-0.6931251056643066       -1.8526783273160388      -0.13205023420995216
-0.7422015157928358       -1.8605257977884033      -0.12593790757641146
-0.7911854813076448       -1.868929732673164       -0.11536140357537221
-0.8400699771608287       -1.8778932466920824      -0.10020777331417227
-0.8888479248905002       -1.8874197024369808      -0.08057886735410076
-0.9375121690345537       -1.8975127202347344      -0.05680631408707805
-0.9860549033199435       -1.9081760638448424      -0.029453544643351835-3.760958558474137E-12i
-1.0344677738180796       -1.9194136463472573      6.974860625175688E-4-3.278936475635541E-12i
-1.0827423762638337       -1.9312296433759062      0.03267585256827435
-1.1308702457405513       -1.9436285117084988      0.06536650367520952
-1.1788428340751897       -1.9566150061264882      0.09756890561683979
-1.2266514918752924       -1.9701941985662175      0.12806658155728828
-1.2742868492329287       -1.9843713157076106      0.15570316415039132
-1.321738425862476        -1.999151600922077       0.17946073028587473
-1.3689955947074572       -2.014540594118543       0.198535222121912
-1.416047633414823        -2.0305441783468186      0.2124014205811131
-1.4628836911931833       -2.04716860422106        0.2208623265974011
-1.5094927215780265       -2.0644205031050773      0.22407795275742265
-1.5558624489329258       -2.082306518742797       0.22256967793017912
-1.6019797048427986       -2.100833405300211       0.2171978454616051
-1.647831246954052        -2.1200083640270195      0.20911112003813487
-1.6934032692999184       -2.139838885118662       0.19966936647046218
-1.7386808000067449       -2.1603324936620076      0.19034365950769827
-1.7836485107521995       -2.1814971120995934      0.18259833510946108
-1.8282904343029105       -2.2033409705667473      0.17776289671068538
-1.8725891843545692       -2.225872234592441       0.1769021284314238
-1.9165269106431875       -2.2490994796805297      0.18069367040032083
-1.9600849866068795       -2.2730315765600437      0.18932330502070946
-2.0032430950174986       -2.2976771958976845      0.20240661185521247
-2.045980359456395        -2.3230454339872084      0.2189459789957558
-2.088274886376734        -2.349145598334156       0.237328891030645
-2.1301028234213732       -2.3759866226364132      0.2553714168670058
-2.17143969389909         -2.403577892151716       0.27040993173610695
-2.212259597020628        -2.4319287720652554      0.2794375698938297
-2.252534485065423        -2.461048073422283       0.2792822288007779
-2.2922356315222854       -2.4909450757826117      0.26681857650844865
-2.3313322570008506       -2.5216285485963277      0.23920295847721984
-2.3697914740325525       -2.5531066189290628      0.19412012025719916
-2.40757955229151         -2.5853877711805686      0.1300238283949208
-2.4446599336906667       -2.6184791678381343      0.04636102250247731
-2.4809943676200605       -2.652387482669726       -0.05624660891615646
-2.5165431808812104       -2.687119131509466       -0.17588551085674436
-2.551263447079334        -2.7226783792412523      -0.3093336266726807
-2.585111165992021        -2.7590693007673908      -0.4522888875350388
-2.6180397180764805       -2.7962940717389975      -0.6002982988391936
-2.6180397307678875       2.796294086459723        -0.6003443415947287
-2.585111192112893        2.7590693295566044       -0.4522882609903496
-2.551263487310831        2.722678421447289        -0.30933383110376594
-2.5165432358535185       2.6871191864864254       -0.1758858498390837
-2.4809944379129276       2.652387549776451        -0.0562464484178154
-2.4446600198377637       2.618479246441102        0.04636207655923759
-2.407579654785907        2.585387860657075        0.13002612480072584
-2.3697915933241123       2.553106718663175        0.19412386257908243
-2.331332393505907        2.5216286579855614       0.23920826329173542
-2.2922357856225553       2.4909451942349          0.26682545515121153
-2.252534657107615        2.4610482003542793       0.27929057477907915
-2.2122597873275955       2.43192890690904         0.27944715706054846
-2.171439902763734        2.4035780343484583       0.27042041675150974
-2.130103051109497        2.375986771637246        0.25538235230495404
-2.0882751331367206       2.349145753604999        0.23733975320904713
-2.0459806255108623       2.323045595001835        0.21895620501779825
-2.003243380568651        2.297677362140121        0.2024156393148211
-1.96008529184374         2.273031747527383        0.18933061078863475
-1.9165272357328136       2.2490996548766633       0.18069880673626718
-0.049699032702907514     1.8002671893349844       -0.0459626071553365
1.836970199003124E-16     1.8                      -0.045082528646696304
-1.8725895294485737       2.2258724135308987       0.17690475411780265
-0.09939231530834713      1.8010688537518678       -0.04901543169331212
-0.1490740904113716       1.8024052826837755       -0.054131329122771306
-1.8282907995428705       2.203341152772279        0.17776279981655183
-1.7836488962610344       2.1814972971027773       0.18259544512671655
-1.7386812058951662       2.160332681001812        0.19033805069168896
-1.6934036956712863       2.1398390743436497       0.19966125441320587
-0.19873858852709472      1.8042769592883807       -0.06111225447251076
-0.24837998434404066      1.806684559617719        -0.06967008646483802
-0.29799242948439475      1.8096289547837585       -0.07942657104763809
-1.6478316938958477       2.120008554690651        0.2091008479310637
-0.34757004125206686      1.8131112128219804       -0.08991600686926661
-1.6019801724321305       2.1008335969627785       0.21718585937607426
-1.5558629372419073       2.0823067109727766       0.22255649537201966
-1.5094932306652256       2.0644206954749684       0.224064140281787
-0.39710682288442145      1.817132594807751        -0.10059193646705838
-1.4628840369974274       2.047168729570885        0.22084843399039672
-0.4465967376283858       1.8216945616783944       -0.11083902697753512
-1.4160474091254922       2.0305441004099056       0.21238785879086142
-1.3689948758361428       2.014540354853426        0.19852238311797077
-0.4960336942090313       1.8267987772612087       -0.11999089889292039
-1.3217377842629259       1.9991513965624654       0.17944919734326986
-0.5454114236296539       1.8324470983150285       -0.1273542339840681
-1.2742867659421782       1.9843712903450839       0.1556935591129046
-1.2266519522601287       1.970194332438828        0.12805922154130578
-1.178843343958212        1.9566151475330409       0.09756364918882228
-0.5947235937580966       1.8386415885186005       -0.13223895969633623
-1.1308704177030677       1.943628557128883        0.06536310963762701
-1.0827421750404491       1.931229592836282        0.03267422700053396-3.965047040699332E-12i
-1.0344675157707075       1.9194135848256275       6.977120206219257E-4-4.599332145607121E-12i
-0.9860549750052743       1.9081760800361025       -0.0294514266943453-5.000319602821435E-12i
-0.6439638031256298       1.8453845239991844       -0.1339934800350099
-0.6931254031638014       1.8526783731654357       -0.13204336158362362
-0.7422016463284234       1.8605258194200378       -0.12593123938721124
-0.7911857070932947       1.8689297727369758       -0.11535510607268007
-0.9375126500634569       1.8975128229384732       -0.056802544718760034
-0.840070441549084        1.877893334604882        -0.10020201387027333
-0.8888485499877453       1.8874198282859531       -0.08057389826572109
2.618039730767889         -2.7962940864597243      -0.5950740859119059
2.5851111921128926        -2.7590693295566036      -0.4479298470460524
2.551263487310831         -2.7226784214472888      -0.3058904621341345
2.5165432358535202        -2.687119186486426       -0.17333965822501263
2.480994437912927         -2.6523875497764493      -0.05454646023012076
2.4446600198377646        -2.6184792464411024      0.047294065991294626
2.407579654785908         -2.585387860657075       0.1302878929501075
2.3697915933241114        -2.553106718663173       0.19382510145987403
2.331332393505908         -2.521628657985561       0.23846292881397854
2.2922357856225566        -2.4909451942349         0.2657446112043256
2.252534657107616         -2.4610482003542806      0.27797604874162407
2.2122597873275955        -2.4319289069090395      0.2779862568925586
2.1714399027637357        -2.4035780343484596      0.2688820087816294
2.1301030511094985        -2.3759867716372463      0.2538145036935492
2.088275133136722         -2.3491457536049993      0.2357690694079168
2.0459806255108632        -2.323045595001836       0.2173889034841816
2.003243380568652         -2.2976773621401207      0.20084027602435475
1.9600852918437408        -2.2730317475273836      0.18772225730096123
1.9165272357328145        -2.2490996548766633      0.1790243594893471
1.8725895294485746        -2.2258724135308983      0.17512896351942248
1.8282907995428725        -2.20334115277228        0.17585453218594507
1.783648896261036         -2.1814972971027777      0.1805336617238814
1.738681205895168         -2.1603326810018126      0.18811698724336806
1.693403695671287         -2.1398390743436497      0.19729432668609237
1.6478316938958484        -2.120008554690651       0.20662291479639452
1.601980172432131         -2.1008335969627785      0.21465358536271129
1.5558629372419084        -2.0823067109727766      0.2200466982176268
1.5094932306652256        -2.0644206954749675      0.22167016488251196
1.4628840369974285        -2.047168729570885       0.21867479333083722
1.4160474091254924        -2.0305441004099056      0.21054347379153807
1.368994875836143         -2.014540354853426       0.19711292714396833
1.3217377842629265        -1.9991513965624654      0.17856911541463344
1.2742867659421795        -1.9843712903450843      0.15541839760583875
1.2266519522601296        -1.970194332438828       0.12843887591828007
1.1788433439582127        -1.9566151475330409      0.09861709176732908
1.130870417703068         -1.9436285571288827      0.06707507892771337
1.0827421750404491        -1.931229592836282       0.03499420352074137+3.57896004499203E-12i
1.0344675157707077        -1.9194135848256273      0.0035413385076686625+4.210699063728063E-12i
0.9860549750052741        -1.908176080036102       -0.02619849142493859+4.6481273691112435E-12i
0.937512650063457         -1.8975128229384732      -0.053278547705754145
0.8888485499877455        -1.887419828285953       -0.07693307132942043
0.8400704415490854        -1.8778933346048816      -0.09660533050412821
0.7911857070932947        -1.8689297727369758      -0.11196035548534553
0.7422016463284239        -1.8605258194200374      -0.12288311640869112
0.6931254031638018        -1.8526783731654355      -0.1294642828555587
0.6439638031256308        -1.8453845239991844      -0.13197579906159984
0.5947235937580967        -1.8386415885186003      -0.1308391542148519
0.5454114236296552        -1.8324470983150285      -0.12658950822581683
0.4960336942090316        -1.8267987772612084      -0.11983847293987657
0.4465967376283861        -1.8216945616783944      -0.11123818603579222
0.39710682288442245       -1.817132594807751       -0.10144871945937536
0.34757004125206825       -1.81311121282198        -0.09111021955830137
0.29799242948439575       -1.8096289547837583      -0.08082063419799777
0.2483799843440409        -1.806684559617719       -0.07111909748821943
0.19873858852709472       -1.8042769592883807      -0.06247454769938113
0.14907409041137132       -1.8024052826837758      -0.05527877989612798
0.09939231530834718       -1.801068853751868       -0.04984276605024533
0.04969903270290788       -1.8002671893349844      -0.046395047324018
2.6180397180764823        2.7962940717390006       -0.5950730051463611
2.5851111659920223        2.7590693007673925       -0.4479652259122788
2.551263447079336         2.722678379241255        -0.30592773552501984
2.5165431808812135        2.6871191315094687       -0.1733773548375388
2.480994367620062         2.6523874826697282       -0.05458331378908071
2.444659933690667         2.618479167838135        0.04725922141285665
2.4075795522915104        2.585387771180569        0.13025596078622154
2.369791474032554         2.5531066189290637       0.19379668469941846
2.3313322570008523        2.521628548596329        0.23843832857371783
2.2922356315222867        2.4909450757826126       0.2657238553338016
2.252534485065426         2.461048073422284        0.2779589413647284
2.21225959702063          2.4319287720652567       0.27797243991648984
2.1714396938990923        2.403577892151717        0.2688710253073324
2.130102823421374         2.3759866226364137       0.25380586233993785
2.0882748863767358        2.349145598334158        0.2357623000125465
2.0459803594563972        2.3230454339872098       0.2173836001579414
2.0032430950175           2.297677195897685        0.20083612693744796
1.9600849866068804        2.2730315765600446       0.1877190621742345
1.9165269106431877        2.24909947968053         0.17902203517186546
1.8725891843545701        2.2258722345924418       0.17512753822109473
1.828290434302911         2.2033409705667473       0.17585412987321572
1.7836485107522002        2.1814971120995934       0.18053447865975264
1.7386808000067455        2.160332493662008        0.1881192631204513
1.6934032692999195        2.1398388851186634       0.19729831309258017
1.6478312469540521        2.12000836402702         0.20662884357669067
1.6019797048427995        2.1008334053002113       0.21466163909328034
1.555862448932927         2.0823065187427976       0.2200569845789335
1.5094927215780278        2.064420503105078        0.22168269655919853
1.4628836911931833        2.04716860422106         0.21868949671413002
1.416047633414823         2.0305441783468186       0.21056027753534198
1.3689955947074577        2.0145405941185435       0.19713162401032994
1.3217384258624765        1.9991516009220776       0.17858914474210386
1.2742868492329287        1.984371315707611        0.15543898954079144
1.226651491875292         1.9701941985662175       0.12845939781478116
1.1788428340751897        1.9566150061264882       0.09863722445246463
1.130870245740552         1.943628511708499        0.06709450006130967
1.0827423762638335        1.9312296433759062       0.035012383365822394
1.034467773818081         1.9194136463472575       0.0035575506610350197+3.986139109762865E-12i
0.9860549033199439        1.9081760638448422       -0.026184913984949654+4.4811012539502926E-12i
0.9375121690345543        1.8975127202347344       -0.0532679380393959
0.8888479248905008        1.887419702436981        -0.07692546096204701
0.8400699771608287        1.8778932466920826       -0.09660067253749763
0.7911854813076447        1.8689297326731638       -0.111958623300394
0.7422015157928367        1.8605257977884035       -0.1228842277026893
0.6931251056643067        1.8526783273160385       -0.12946802052376252
0.643963238731306         1.8453844434964586       -0.13198178999405152
0.5947228805374047        1.838641494898677        -0.13084695293359655
0.5454109584135496        1.8324470424936186       -0.1265986855253287
0.4960338561614265        1.8267987948826434       -0.11984863475752353
0.4465976746205808        1.8216946532248934       -0.11124892332401452
0.39710845432211056       1.817132736204906        -0.10145958493941754
0.3475721884674929        1.8131113753683266       -0.09112076059553802
0.2979948352538023        1.8096291106448048       -0.08083042360417436
0.24838232963150786       1.8066846860714934       -0.07112776719851266
0.19874059457638998       1.8042770457263404       -0.06248183345831102
0.1490755519531189        1.8024053298765834       -0.055284535667776524
0.09939313304462533       1.801068871344458        -0.049846959869747715
0.04969928881857585       1.8002671920890114       -0.04639774103659275
6                         4.4408920982421327E-16   -0.3497503793347875
5.999836819797535         -0.050063756778130714    -0.32075699160066573
5.999347252626579         -0.10012546575753135     -0.23632292821543235
5.998531221290243         -0.15018294931838908     -0.1038870502628124
5.997388598514554         -0.20023403583579957     0.06477674577235118
5.995919206584293         -0.2502765580423265      0.2544418963663073
5.994122816954032         -0.30030835137877954     0.4475798292555336
5.991999149834061         -0.35032725232871526     0.6256957464297193
5.989547873750967         -0.400331096732107       0.7707553033725565
5.986768605082792         -0.45031771807356        0.8666010632571565
5.9836609075687095        -0.5002849457403606      0.9002574873415741
5.980224291793376         -0.5502306032455402      0.8630300537577689
5.976458214646159         -0.6001525064110246      0.7513174159094873
5.972362078755582         -0.650048461505789       0.5670744417581826
5.967935231781703         -0.6999162646125354      0.3178872841420662
5.963176951599406         -0.7497538429282761      0.016646883692459778
5.958086479939407         -0.7995588819037487      -0.3191604107083939
5.952663021953739         -0.8493288890028242      -0.6685090595034089
5.946905729264795         -0.8990613741204748      -1.0081722558066817
5.940813698549917         -0.9487538476750323      -1.314253305531735
5.9343859700914585        -0.998403818621429       -1.563811143521113
5.927621526292247         -1.0480087923786865      -1.7364718350052772
5.920519290156403         -1.0975662686645888      -1.8159169884221902
5.91307812373575          -1.14707373923006        -1.7911463101984137
5.905296826542281         -1.196528685485392       -1.6574247130007758
5.897174133927322         -1.2459285760100007      -1.4168436424073083
5.888708715428439         -1.295270863936926       -1.078450408303286
5.87989917308528          -1.3445529842027673      -0.657926768324776
5.870744039726094         -1.393772350653221       -0.17682705730938264
5.861241794094911         -1.4429262673660104      0.3385841647830744
5.851390920855735         -1.4920116387419384      0.8588281693272244
5.841189828269049         -1.5410254121641407      1.3529646845348982
5.830636851588805         -1.589964539520988       1.790481522170858
5.819730253209446         -1.6388259595779529      2.1432082761426687
5.808468220019908         -1.6876065946404217      2.387133467600772
5.796848860715107         -1.7363033470020528      2.5040085009900483
5.784870202624039         -1.7849130969361149      2.482633553052267
5.772530219730756         -1.833432579218581       2.3197394418716133
5.759826875262727         -1.8818582262111547      2.0204046347006273
5.746758059112289         -1.9301864214723783      1.5979683762096704
5.733321576061048         -1.9784135296515266      1.0734360920421808
5.719515142202705         -2.0265358920594823      0.47440630934597555
5.705336381318758         -2.074549821917424       -0.16642307395357397
5.69078282110966          -2.1224515995965922      -0.8130847888812271
5.675851911704677         -2.1702373970060624      -1.4284016154384527
5.660541130286547         -2.217902948457657       -1.9761529451177449
5.644847892544961         -2.2654438507209234      -2.4232318244461517
5.628769513220081         -2.3128556735545636      -2.7416493850523604
5.6123032013722645        -2.3601339536764785      -2.910265121685688
5.5954460556080114        -2.4072741882506397      -2.916138018181675
5.578195059275145         -2.454271827855025       -2.755413981156418
5.560547091253307         -2.50112222797968        -2.4336926261218186
5.542499092795101         -2.5478202074770486      -1.9658517621167761
5.524047986219833         -2.5943602899259375      -1.3753266423019777
5.505190573530896         -2.6407369590982315      -0.6928777497445988
5.485923529819169         -2.686944651823332       0.045077901017078925
5.466243397107114         -2.732977748891756       0.7984771637432682
5.446146578201119         -2.778830565177498       1.5258472593332175
5.425629346477817         -2.8244973039771764      2.186638804455991
5.404688093743747         -2.869971505054726       2.743515987819481
5.3833192562565175        -2.915246244531947       3.164492844053404
5.361519128435245         -2.960314537249072       3.4247763718321744
5.339283852400608         -3.0051693310391516      3.508200007912645
5.316609410259373         -3.049803493860248       3.4081713703366168
5.293491616502559         -3.094209799752298       3.128080311769075
5.269926146835802         -3.1383808464003544      2.6811455875085644
5.245908937671512         -3.1823083118766626      2.0897205347203096
5.221436011261271         -3.2259833295526095      1.3840784931314332
5.19650322101742          -3.26939694992117        0.6007430928479183
5.1711062400504995        -3.3125401277115563      -0.21952526082081902
5.145240551947646         -3.3554037036033617      -1.0339720001343915
5.118901441514559         -3.3979783848249623      -1.8001915455738258
5.09208415052829          -3.4402544676516746      -2.478434272528058
5.06478447031113          -3.4822209340268304      -3.033749281466436
5.036998196889332         -3.5238663660000227      -3.437883433519806
5.008720930971019         -3.5651792335008974      -3.670778845222373
4.979948067179322         -3.606147870964047       -3.721596506114113
4.950674783961252         -3.646760451589518       -3.5892203849532276
4.920896062055455         -3.687004922166013       -3.2822214421584563
4.890607438257591         -3.726867987583808       -2.818304824560996
4.859805046041788         -3.7663351534664056      -2.2232665964839406
4.828484854870218         -3.8053917573498537      -1.529493385183527
4.796642626422224         -3.8440229836308197      -0.7741219638193109
4.764273903847911         -3.8822138318278148      0.003031484974931794-3.047462455996186E-13i
4.731374008420166         -3.9199490749237746      0.7616527621990921
4.697938822969803         -3.957212353265481       1.4630835550866
4.663965466600558         -3.9939855345831723      2.0723624272841965
4.629451032526007         -4.0302502020911595      2.5600738952249085
4.5943924350589604        -4.065987785686093       2.903827871987203
4.558786398907594         -4.101179525966475       3.089319428078073
4.522629472726242         -4.135806413662351       3.1109243726288165
4.485919276207952         -4.169848006313868       2.971818062930069
4.44865516349984          -4.203281983902466       2.683638684238641
4.410836545038052         -4.236085813879819       2.265675398736185
4.372462731671383         -4.268236859458857       1.7436420778467785
4.333532923084502         -4.299712345518854       1.148131794237827
4.294046469646352         -4.330489113258834       0.5128518226457566
4.254005246118951         -4.360541865104352       -0.12722950093681368
4.213412614342363         -4.389844229358073       -0.7378216612199112
4.172272010588957         -4.418369895443986       -1.2871819962049127
4.130586909859317         -4.446092609527177       -1.7477745474480977
4.088360853887148         -4.47298612432664        -2.097652732840258
4.0455995416936785        -4.499022926361846       -2.321494465560746
4.002311785298865         -4.524173955290685       -2.4112933739444067
3.9585068879786545        -4.548410407712296       -2.3666482751241054
3.9141943931773597        -4.571703888638969       -2.194597698052363
3.8693840631481558        -4.594026410231514       -1.9090544035287689
3.8240879386454374        -4.615349436132712       -1.5299061779098713
3.778321886613869         -4.63564348332501        -1.0818337838398624
3.7321025986663177        -4.654879806146087       -0.5928459681942058
3.6854471942410956        -4.673030610685312       -0.09267210247886454
3.6383732225625636        -4.690069066603458       0.38889580918310307
3.590901300819812         -4.705968473214095       0.8236038318289844
3.5430553529151885        -4.720702560233551       1.1862650127818342
3.494860048241674         -4.734246576129602       1.4561302728940468
3.446340527842788         -4.7465774133584775      1.617974905976673
3.3975228008674443        -4.757673548525968       1.6628762662766043
3.3484363764486225        -4.767514630749697       1.5886677069460797
3.29911226375404          -4.776082238132017       1.4000557538724154
3.2495819877037277        -4.783360179666537       1.1083624186788334
3.199877373972082         -4.789334560307675       0.730925638362934
3.1500318797951468        -4.793993691455542       0.2902092376485195
3.1000803545929014        -4.797328302494928       -0.18736440565958495
3.050057970780367         -4.799331740031841       -0.6728547785165184
5.118901278731468         3.397978644684922        -1.8002149273024333
5.145240389062711         3.355403970198408        -1.0339946980882788
5.092083987930017         3.4402547207821548       -2.478457714873948
5.064784307984472         3.482221180431073        -3.033772182662785
5.171106077143039         3.312540401050072        -0.21954663273410832
5.196503058166444         3.2693972300091625       0.6007237034454211
5.221435848545462         3.225983616393704        1.3840617484128468
5.245908775169265         3.182308605472026        2.089707090159784
5.036998034921417         3.5238666056846273       -3.437905214036719
5.008720769449328         3.56517946647574         -3.670798948423365
4.979947906191724         3.6061480972422024       -3.721614400007275
4.950674623596044         3.6467606711871836       -3.5892355656725616
4.92089590240244          3.687005135101089        -3.282233439553023
5.269925984625235         3.1383811467486358       2.6811360752764593
5.293491454661356         3.0942101068499          3.128075319773214
5.316609248861322         3.049803807708106        3.408171417252701
5.33928369151807          3.0051696516386284       3.5082055153899523
5.361518968140346         2.960314864599741        3.424787635125517
5.383319096621179         2.91524657863154         3.1645100030455957
5.404687934839689         2.8699718458990624       2.7435390003726052
5.425629188376588         2.8244976515601086       2.1866674240448343
4.890607279413655         3.7268681938689396       -2.818313210517866
4.85980488810524          3.766335353117198        -2.2232709960817965
4.8284846979397225        3.805391950386285        -1.5294934904672859
4.002311679615512         4.524174015229764        -2.411307580495656
4.045599432304499         4.499022991443935        -2.3215031387243577
4.796642470596847         3.844023170077153        -0.7741175492537431
4.088360740937119         4.472986194682721        -2.0976554378065124
4.130586793492991         4.446092685278933        -1.7477710844553591
4.17227189094209          4.418369976709744        -1.2871724015787307
4.2134124915508755        4.389844316247631        -0.7378061986673738
4.7642737492271685        3.882214011712525        0.0030405468019062626-6.121052015944928E-13i
4.731373855104471         3.919949248279033        0.7616664857469866
4.697938671067775         3.957212520119314        1.4631018284483748
4.254005120319891         4.3605419577182625       -0.12720864418500208
4.294046340977799         4.330489211688334        0.5128774157044502
4.333532791684944         4.299712449846206        1.1481613146518592
4.663965316223871         3.993985694966149        2.072385001711636
4.629450883786572         4.030250356039628        2.5601003790815073
4.59439228806896          4.065987933242098        2.9038577305952042
4.372462597669907         4.268236969765474        1.743674603518877
4.410836408560192         4.2360859302425995       2.2657099347928398
4.448655024671254         4.203282106390969        2.6836742035610817
4.485919135154448         4.1698481349902385       2.9718535458546436
4.558786253779526         4.101179667177686        3.0893519903068025
4.52262932957377          4.13580654858126         3.110958844132658
3.958506786143539         4.548410462650328        -2.3666673569788186
3.9141942953300912        4.5717039387287475       -2.194620795825532
3.8693839694259355        4.594026455636201        -1.909080487491733
3.8240878491907337        4.615349477022238        -1.5299340866481512
5.446146420973882         2.778830919491336        1.525881019034632
5.46624324082216          2.732978109933093        0.7985153687911608
5.485923374543976         2.6869450195888755       0.04511963141922175
3.778321801567589         4.635643519879816        -1.0818622693329567
3.7321025181644982        4.654879838558331        -0.5928737446750973
3.6854471184145137        4.673030639158545        -0.09269789605294268
3.638373151537458         4.690069091351863        0.38887320999403485
5.505190419332824         2.6407373335832807       -0.692833625246825
5.524047833166136         2.594360671124331        -1.3752814403798324
3.590901234722673         4.705968494460651        0.8235855250775934
3.543055291866242         4.720702578212139        1.1862519366620408
5.542498940952935         2.5478205953811175       -1.9658069472789996
5.560546940689748         2.5011226225801897       -2.433649762159425
3.494859992353357         4.734246591084811        1.4561231688804137
5.578194910057114         2.454272229141323        -2.7553746729906115
5.5954459078005385        2.407274596215497        -2.9161038462521125
5.612303055039722         2.3601343683132003       -2.9102375718454825
5.628769368426821         2.312856094855317        -2.7416297771687645
5.644847749355328         2.265444278676691        -2.4232212434091362
3.4463404772192803        4.746577425544947        1.6179742924705454
3.3975227556061935        4.757673558207275        1.6628824206877288
5.660540988764888         2.2179033830582          -1.976152177983195
5.675851771915339         2.1702378382398764       -1.4284110983143128
5.690782683117005         2.1224520474508695       -0.8131045669271031
3.348436336640124         4.767514638197826        1.58868065500345
5.705336245186205         2.074550276381228        -0.16645277751176962
3.2991122294785487        4.7760822436272505       1.4000752665868998
5.719515007992969         2.0265363531233684       0.4743674702801455
3.249581959030861         4.783360183496469        1.108388019706389
3.199877350960716         4.789334562766175        0.7309566470465605
3.1500318624938073        4.793993692841679        0.29024484615698015
3.1000803430382216        4.797328303112016        -0.1873250809008338
3.0500579649968764        4.7993317401862665       -0.6728126797376448
5.7333214438369415        1.9784139973050454       1.0733893138021822
5.746757928936702         1.9301868957040953       1.5979152274635218
5.759826747198648         1.881858707008617        2.0203470032316813
5.772530093841268         1.8334330665682843       2.3196794638597003
5.784870078972328         1.7849135908234692       2.4825735275471423
5.796848739364122         1.7363038474127628       2.5039507931782543
5.808468101031981         1.6876071015623506       2.3870804053028167
5.8197301366470855        1.638826472998155        2.14316204446083
5.830636737514687         1.58996505942567         1.7904440614484902
5.841189716746034         1.5410259385386325       1.3529375968215287
5.851390811946875         1.4920121715706722       0.8588126382607504
5.861241687863459         1.442926806632482        0.3385808933335204
5.8707439400548145        1.3937728762014          -0.1768180933008043
5.879899125813275         1.3445532434077254       -0.6579082211758667
5.888708760241904         1.2952706080832366       -1.0784242814142586
5.8971742891535435        1.2459276519787201       -1.4168101824352526
5.90529709083786          1.1965270426366603       -1.6573829010333108
5.913078477986962         1.1470714361312846       -1.7910948707367522
5.920519699584965         1.097563479667824        -1.8158556356571152
5.927621942788148         1.0480058138529977       -1.7364024240375264
5.934386344838825         0.998400999003908        -1.5637380725034802
5.940814000356168         0.9487514528006873       -1.3141823595972189
5.946905943600042         0.8990595756185217       -1.0081091420019848
5.952663149045511         0.8493277579166552       -0.6684581950891058
5.958086532674804         0.7995583824414566       -0.31912419676118536
5.963176953238853         0.7497538263409703       0.01666817910279092
5.9679352134881185        0.6999164631978072       0.31789503903744776
5.9723620643956465        0.6500486295982929       0.5670700792004915
5.976458210176354         0.6001525631611382       0.7513015950919927
5.980224299928708         0.5502304904428266       0.8630036096059912
5.9836609281467386        0.5002846315622635       0.900221532402585
5.986768635481473         0.45031720192172736      0.8665571469876612
5.989547909462353         0.40033041402689534      0.7707055646114462
5.991999185192127         0.3503264792628402       0.6256429816032534
5.994122846844652         0.3003075884611569       0.44752732924619976
5.99591922865673          0.2502758816467343       0.25439295863416495
5.997388612465122         0.20023350122517197      0.06473432865907215
5.998531228396737         0.15018258608663357      -0.10392060242449462
5.9993472551397184        0.10012527303205707      -0.2363460087990374
5.999836820177759         0.05006369845318598      -0.32076870247691924
